"scaffold" "start" "end" "sites" "zero_four_ratio_Med" "zero_four_ratio_Afr"
"3" "chr02" 200001 300000 6889 0.0727969348659004 0.0651465798045603
"4" "chr02" 300001 400000 5146 0.120418848167539 0.116402116402116
"5" "chr02" 400001 500000 4844 0.198083067092652 0.209230769230769
"6" "chr02" 500001 600000 16316 0.0652173913043478 0.0627376425855513
"7" "chr02" 600001 700000 4879 0.0468540829986613 0.0491132332878581
"8" "chr02" 700001 800000 6533 0.364312267657993 0.270186335403727
"12" "chr02" 1100001 1200000 5305 0.0356234096692112 0.0337662337662338
"13" "chr02" 1200001 1300000 5993 0.0347551342812006 0.0427480916030534
"14" "chr02" 1300001 1400000 4194 0.130699088145897 0.134751773049645
"17" "chr02" 1600001 1700000 8218 0.0732265446224256 0.082004555808656
"18" "chr02" 1700001 1800000 6151 0.0526315789473684 0.050314465408805
"19" "chr02" 1800001 1900000 13357 0.053030303030303 0.0521920668058455
"20" "chr02" 1900001 2000000 7053 0.0704225352112676 0.0745920745920746
"21" "chr02" 2000001 2100000 15512 0.01875 0.0205278592375367
"22" "chr02" 2100001 2200000 5904 0.161469933184855 0.143176733780761
"23" "chr02" 2200001 2300000 13561 0.0866477272727273 0.0791666666666667
"25" "chr02" 2400001 2500000 5692 0.0517464424320828 0.0479704797047971
"27" "chr02" 2600001 2700000 8890 0.0618374558303887 0.0619765494137353
"28" "chr02" 2700001 2800000 11661 0.0224525043177893 0.0207612456747405
"29" "chr02" 2800001 2900000 8875 0.0718446601941748 0.0809248554913295
"30" "chr02" 2900001 3000000 13282 0.0320855614973262 0.0369393139841689
"31" "chr02" 3000001 3100000 20615 0.0640096618357488 0.0668896321070234
"32" "chr02" 3100001 3200000 9599 0.0677339901477833 0.0672478206724782
"33" "chr02" 3200001 3300000 3849 0.0629370629370629 0.0678571428571429
"34" "chr02" 3300001 3400000 6140 0.0269922879177378 0.0252206809583859
"35" "chr02" 3400001 3500000 6164 0.0552995391705069 0.0649350649350649
"36" "chr02" 3500001 3600000 13038 0.0424403183023873 0.0432569974554707
"37" "chr02" 3600001 3700000 6566 0.0285714285714286 0.026525198938992
"38" "chr02" 3700001 3800000 7471 0.0431893687707641 0.0477707006369427
"39" "chr02" 3800001 3900000 15216 0.0591133004926108 0.05320813771518
"40" "chr02" 3900001 4000000 4971 0.0274636510500808 0.0291411042944785
"41" "chr02" 4000001 4100000 13314 0.031578947368421 0.0288753799392097
"50" "chr02" 4900001 5000000 6478 0.0311526479750779 0.0442477876106195
"53" "chr02" 5200001 5300000 10039 0.0399408284023669 0.035036496350365
"54" "chr02" 5300001 5400000 4934 0.0316742081447964 0.0259179265658747
"55" "chr02" 5400001 5500000 5872 0.108870967741935 0.113924050632911
"58" "chr02" 5700001 5800000 5329 0.0459016393442623 0.0516129032258065
"59" "chr02" 5800001 5900000 10411 0.0714285714285714 0.0632411067193676
"60" "chr02" 5900001 6000000 5586 0.0373563218390805 0.0389972144846797
"62" "chr02" 6100001 6200000 8539 0.0911458333333333 0.072992700729927
"63" "chr02" 6200001 6300000 12393 0.0849056603773585 0.0841121495327103
"67" "chr02" 6600001 6700000 5023 0.0740740740740741 0.0588235294117647
"68" "chr02" 6700001 6800000 12074 0.111913357400722 0.111510791366906
"69" "chr02" 6800001 6900000 5755 0.0634920634920635 0.0567901234567901
"74" "chr02" 7300001 7400000 6407 0.0303605313092979 0.0341726618705036
"75" "chr02" 7400001 7500000 7585 0.0416666666666667 0.0379266750948167
"76" "chr02" 7500001 7600000 5758 0.0332805071315372 0.0368589743589744
"77" "chr02" 7600001 7700000 10397 0.0363636363636364 0.0414110429447853
"78" "chr02" 7700001 7800000 12050 0.0726577437858509 0.0677966101694915
"79" "chr02" 7800001 7900000 17840 0.0188679245283019 0.0147299509001637
"80" "chr02" 7900001 8000000 3816 0.044047619047619 0.0382387022016222
"81" "chr02" 8000001 8100000 7207 0.04642166344294 0.0448028673835125
"82" "chr02" 8100001 8200000 9655 0.0535714285714286 0.0550314465408805
"84" "chr02" 8300001 8400000 6403 0.015 0.01743264659271
"85" "chr02" 8400001 8500000 13289 0.0562248995983936 0.0614525139664805
"87" "chr02" 8600001 8700000 6334 0.0251677852348993 0.0257648953301127
"88" "chr02" 8700001 8800000 5705 0.0231065468549422 0.0205811138014528
"93" "chr02" 9200001 9300000 5410 0.0594202898550725 0.0711175616835994
"99" "chr02" 9800001 9900000 7728 0.0602409638554217 0.0578842315369261
"100" "chr02" 9900001 10000000 3983 0.0744827586206897 0.0752089136490251
"101" "chr02" 10000001 10100000 5751 0.0462962962962963 0.0422163588390501
"102" "chr02" 10100001 10200000 9270 0.0519835841313269 0.0545938748335553
"103" "chr02" 10200001 10300000 5304 0.0158959537572254 0.014265335235378
"104" "chr02" 10300001 10400000 11910 0.0870535714285714 0.0898876404494382
"105" "chr02" 10400001 10500000 8771 0.0678466076696165 0.0627615062761506
"106" "chr02" 10500001 10600000 9003 0.0509915014164306 0.0514603616133519
"107" "chr02" 10600001 10700000 7071 0.107692307692308 0.109433962264151
"108" "chr02" 10700001 10800000 8000 0.0865603644646925 0.0852017937219731
"351" "chr03" 3400001 3500000 8838 0.172972972972973 0.155555555555556
"361" "chr03" 3500001 3600000 11179 0.177685950413223 0.170833333333333
"371" "chr03" 3600001 3700000 5846 0.292358803986711 0.25
"381" "chr03" 3700001 3800000 6771 0.0715350223546945 0.0709010339734121
"391" "chr03" 3800001 3900000 9147 0.0569105691056911 0.0556745182012848
"411" "chr03" 4000001 4100000 5453 0.0950819672131148 0.0771812080536913
"42" "chr03" 4100001 4200000 12799 0.0760517799352751 0.0769230769230769
"43" "chr03" 4200001 4300000 13759 0.0232142857142857 0.0251798561151079
"44" "chr03" 4300001 4400000 8197 0.0271041369472183 0.0250696378830084
"45" "chr03" 4400001 4500000 8250 0.0520547945205479 0.0518417462482947
"46" "chr03" 4500001 4600000 6009 0.030379746835443 0.0242130750605327
"47" "chr03" 4600001 4700000 5355 0.0247718383311604 0.0278833967046895
"501" "chr03" 4900001 5000000 6877 0.0881863560732113 0.0854838709677419
"541" "chr03" 5300001 5400000 8201 0.0689655172413793 0.0598404255319149
"551" "chr03" 5400001 5500000 5996 0.0455284552845528 0.0488599348534202
"56" "chr03" 5500001 5600000 9951 0.022196261682243 0.0232288037166086
"57" "chr03" 5600001 5700000 5880 0.0554272517321016 0.0504385964912281
"581" "chr03" 5700001 5800000 7391 0.115015974440895 0.105442176870748
"591" "chr03" 5800001 5900000 7510 0.14968152866242 0.157190635451505
"601" "chr03" 5900001 6000000 13711 0.0295652173913043 0.0351493848857645
"621" "chr03" 6100001 6200000 4881 0.035377358490566 0.0465631929046563
"631" "chr03" 6200001 6300000 5148 0.0352760736196319 0.0371517027863777
"64" "chr03" 6300001 6400000 11566 0.0408163265306122 0.0431034482758621
"65" "chr03" 6400001 6500000 8259 0.0521739130434783 0.0458015267175573
"66" "chr03" 6500001 6600000 7870 0.0639344262295082 0.060781476121563
"671" "chr03" 6600001 6700000 8840 0.0822147651006711 0.0804416403785489
"691" "chr03" 6800001 6900000 10897 0.0526315789473684 0.0613718411552347
"71" "chr03" 7000001 7100000 9987 0.0436046511627907 0.0506666666666667
"741" "chr03" 7300001 7400000 5565 0.0883190883190883 0.0754716981132075
"761" "chr03" 7500001 7600000 10113 0.0368421052631579 0.036144578313253
"771" "chr03" 7600001 7700000 5991 0.199395770392749 0.195822454308094
"83" "chr03" 8200001 8300000 8712 0.127035830618893 0.115151515151515
"841" "chr03" 8300001 8400000 10590 0.0385542168674699 0.04
"851" "chr03" 8400001 8500000 4231 0.0452418096723869 0.0438472418670438
"86" "chr03" 8500001 8600000 9017 0.0470347648261759 0.0516898608349901
"871" "chr03" 8600001 8700000 5497 0.0847457627118644 0.0827586206896552
"881" "chr03" 8700001 8800000 5511 0.0378151260504202 0.0310077519379845
"89" "chr03" 8800001 8900000 16814 0.0780287474332649 0.083969465648855
"90" "chr03" 8900001 9000000 7856 0.0383561643835616 0.0435356200527704
"92" "chr03" 9100001 9200000 4958 0.046639231824417 0.0494791666666667
"931" "chr03" 9200001 9300000 11168 0.0736677115987461 0.0723981900452489
"94" "chr03" 9300001 9400000 6317 0.0609080841638981 0.0588235294117647
"96" "chr03" 9500001 9600000 5174 0.017688679245283 0.018539976825029
"991" "chr03" 9800001 9900000 7116 0.0439024390243902 0.0492845786963434
"1001" "chr03" 9900001 10000000 14019 0.038860103626943 0.0339425587467363
"1011" "chr03" 10000001 10100000 16062 0.0644391408114559 0.0573394495412844
"1021" "chr03" 10100001 10200000 13083 0.0579710144927536 0.0597701149425287
"1031" "chr03" 10200001 10300000 12701 0.0496277915632754 0.0447058823529412
"1041" "chr03" 10300001 10400000 5530 0.079646017699115 0.0716803760282021
"1051" "chr03" 10400001 10500000 7521 0.0580847723704867 0.0619195046439628
"1061" "chr03" 10500001 10600000 9695 0.0534979423868313 0.05
"1071" "chr03" 10600001 10700000 10913 0.0192962542565267 0.0189520624303233
"110" "chr03" 10900001 11000000 6441 0.0782208588957055 0.0824742268041237
"111" "chr03" 11000001 11100000 11245 0.116465863453815 0.114209827357238
"112" "chr03" 11100001 11200000 9251 0.0393474088291747 0.0357478833490122
"113" "chr03" 11200001 11300000 13601 0.0524017467248908 0.0516528925619835
"114" "chr03" 11300001 11400000 6127 0.0568720379146919 0.0610687022900763
"115" "chr03" 11400001 11500000 7698 0.135278514588859 0.142061281337047
"116" "chr03" 11500001 11600000 6679 0.0715249662618084 0.0715197956577267
"117" "chr03" 11600001 11700000 10523 0.0897755610972569 0.0944309927360775
"118" "chr03" 11700001 11800000 7160 0.037147102526003 0.0328571428571429
"124" "chr03" 12300001 12400000 4876 0.133786848072562 0.0933333333333333
"125" "chr03" 12400001 12500000 15442 0.045360824742268 0.0475161987041037
"126" "chr03" 12500001 12600000 7250 0.0287425149700599 0.029585798816568
"127" "chr03" 12600001 12700000 9907 0.0524412296564195 0.056390977443609
"128" "chr03" 12700001 12800000 8266 0.0359897172236504 0.0314861460957179
"129" "chr03" 12800001 12900000 6148 0.0393162393162393 0.0305343511450382
"153" "chr03" 15200001 15300000 6889 0.246478873239437 0.235294117647059
"154" "chr03" 15300001 15400000 5258 0.525862068965517 0.472868217054264
"11" "chr04" 1000001 1100000 3768 0.263414634146341 0.291208791208791
"1210" "chr04" 1100001 1200000 10867 0.252032520325203 0.261224489795918
"131" "chr04" 1200001 1300000 7594 0.0873983739837398 0.0891472868217054
"141" "chr04" 1300001 1400000 7787 0.0786026200873362 0.080082135523614
"251" "chr04" 2400001 2500000 12556 0.0495662949194548 0.0492610837438424
"291" "chr04" 2800001 2900000 9338 0.0360551431601273 0.0368159203980099
"301" "chr04" 2900001 3000000 5222 0.0417090539165819 0.0339449541284404
"311" "chr04" 3000001 3100000 6620 0.0592105263157895 0.059720457433291
"321" "chr04" 3100001 3200000 7906 0.0309633027522936 0.0277777777777778
"51" "chr04" 5000001 5100000 4749 0.0551558752997602 0.0484848484848485
"52" "chr04" 5100001 5200000 5039 0.0389447236180904 0.0368421052631579
"592" "chr04" 5800001 5900000 8313 0.0743944636678201 0.0613636363636364
"641" "chr04" 6300001 6400000 11326 0.075885328836425 0.0538461538461538
"651" "chr04" 6400001 6500000 11229 0.143079315707621 0.140909090909091
"661" "chr04" 6500001 6600000 9502 0.0187376725838264 0.0166468489892985
"672" "chr04" 6600001 6700000 5101 0.070855614973262 0.0685131195335277
"681" "chr04" 6700001 6800000 4373 0.0480427046263345 0.0509977827050998
"692" "chr04" 6800001 6900000 9331 0.0597014925373134 0.055045871559633
"72" "chr04" 7100001 7200000 7944 0.0486223662884927 0.0410958904109589
"73" "chr04" 7200001 7300000 8632 0.0367775831873905 0.0292134831460674
"742" "chr04" 7300001 7400000 12634 0.0507075471698113 0.0576671035386632
"751" "chr04" 7400001 7500000 10756 0.0716253443526171 0.0775716694772344
"791" "chr04" 7800001 7900000 14736 0.0373626373626374 0.049618320610687
"801" "chr04" 7900001 8000000 11915 0.0660919540229885 0.0630630630630631
"811" "chr04" 8000001 8100000 5865 0.0464396284829721 0.0427098674521355
"821" "chr04" 8100001 8200000 9169 0.0663329161451815 0.0691244239631336
"831" "chr04" 8200001 8300000 5788 0.0273396424815983 0.0239043824701195
"861" "chr04" 8500001 8600000 5796 0.0629274965800274 0.0504201680672269
"872" "chr04" 8600001 8700000 14613 0.0314547837483617 0.0342205323193916
"882" "chr04" 8700001 8800000 4446 0.032181168057211 0.0328638497652582
"91" "chr04" 9000001 9100000 11961 0.0652818991097923 0.0591549295774648
"941" "chr04" 9300001 9400000 9579 0.0538336052202284 0.0514469453376206
"961" "chr04" 9500001 9600000 5048 0.405857740585774 0.333333333333333
"98" "chr04" 9700001 9800000 4932 0.0340479192938209 0.0348692403486924
"1012" "chr04" 10000001 10100000 6025 0.113636363636364 0.114570361145704
"1032" "chr04" 10200001 10300000 9686 0.115141955835962 0.111791730474732
"1121" "chr04" 11100001 11200000 8678 0.0278745644599303 0.031390134529148
"1161" "chr04" 11500001 11600000 8654 0.0377697841726619 0.0404929577464789
"1181" "chr04" 11700001 11800000 6649 0.0361702127659574 0.0382571732199787
"121" "chr04" 12000001 12100000 24533 0.0962199312714777 0.092436974789916
"122" "chr04" 12100001 12200000 14780 0.029038112522686 0.0299823633156966
"123" "chr04" 12200001 12300000 12133 0.101237345331834 0.102813852813853
"1241" "chr04" 12300001 12400000 7934 0.0438472418670438 0.0423131170662905
"1251" "chr04" 12400001 12500000 8777 0.0870098039215686 0.0939024390243902
"1261" "chr04" 12500001 12600000 5633 0.228643216080402 0.234338747099768
"1281" "chr04" 12700001 12800000 3358 0.593939393939394 0.645161290322581
"1211" "chr05" 1100001 1200000 4368 0.119842829076621 0.122529644268775
"132" "chr05" 1200001 1300000 4578 0.0873563218390805 0.0759637188208617
"252" "chr05" 2400001 2500000 4743 0.0685314685314685 0.0692913385826772
"341" "chr05" 3300001 3400000 7524 0.0961538461538461 0.0891938250428816
"352" "chr05" 3400001 3500000 5375 0.0249632892804699 0.0210970464135021
"362" "chr05" 3500001 3600000 7990 0.0317073170731707 0.0318021201413428
"372" "chr05" 3600001 3700000 6999 0.0170648464163823 0.0161290322580645
"382" "chr05" 3700001 3800000 5444 0.062200956937799 0.0556368960468521
"421" "chr05" 4100001 4200000 4473 0.135869565217391 0.141689373297003
"441" "chr05" 4300001 4400000 6497 0.135838150289017 0.159779614325069
"471" "chr05" 4600001 4700000 4677 0.0326086956521739 0.0234986945169713
"552" "chr05" 5400001 5500000 5203 0.21602787456446 0.184615384615385
"61" "chr05" 6000001 6100000 4032 0.0635514018691589 0.0602150537634409
"622" "chr05" 6100001 6200000 9396 0.0421686746987952 0.0375
"632" "chr05" 6200001 6300000 10200 0.0171673819742489 0.0174717368961973
"682" "chr05" 6700001 6800000 5328 0.0602409638554217 0.0714285714285714
"721" "chr05" 7100001 7200000 6708 0.215425531914894 0.222811671087533
"802" "chr05" 7900001 8000000 13231 0.0772626931567329 0.0767634854771784
"812" "chr05" 8000001 8100000 6387 0.0879120879120879 0.0954446854663774
"901" "chr05" 8900001 9000000 8164 0.0799059929494712 0.0816326530612245
"911" "chr05" 9000001 9100000 5152 0.0388349514563107 0.0376670716889429
"962" "chr05" 9500001 9600000 6211 0.0423357664233577 0.0316804407713499
"97" "chr05" 9600001 9700000 7816 0.0388489208633093 0.0408472012102874
"992" "chr05" 9800001 9900000 8560 0.0828729281767956 0.0874524714828897
"1072" "chr05" 10600001 10700000 8907 0.0515759312320917 0.0510879848628193
"1081" "chr05" 10700001 10800000 8898 0.124223602484472 0.122448979591837
"109" "chr05" 10800001 10900000 13157 0.0418562329390355 0.045004500450045
"1101" "chr05" 10900001 11000000 6028 0.0339147286821705 0.0308810172570391
"1111" "chr05" 11000001 11100000 10678 0.0361570247933884 0.0328185328185328
"1122" "chr05" 11100001 11200000 3886 0.031413612565445 0.0255427841634738
"1141" "chr05" 11300001 11400000 4249 0.0650623885918004 0.0630705394190871
"1151" "chr05" 11400001 11500000 4589 0.0593505039193729 0.0518518518518519
"1162" "chr05" 11500001 11600000 6735 0.0993265993265993 0.0954616588419405
"1171" "chr05" 11600001 11700000 7404 0.045353982300885 0.0506198347107438
"1182" "chr05" 11700001 11800000 7633 0.0942408376963351 0.0914948453608248
"119" "chr05" 11800001 11900000 8698 0.127272727272727 0.107344632768362
"120" "chr05" 11900001 12000000 4627 0.254237288135593 0.213114754098361
"133" "chr06" 1200001 1300000 6318 0.165354330708661 0.19047619047619
"16" "chr06" 1500001 1600000 4438 0.0696864111498258 0.0746812386156648
"171" "chr06" 1600001 1700000 4842 0.0895705521472393 0.0901234567901235
"181" "chr06" 1700001 1800000 8129 0.0391730141458107 0.0403135498320269
"191" "chr06" 1800001 1900000 14761 0.0653008962868118 0.0608187134502924
"201" "chr06" 1900001 2000000 9209 0.0514705882352941 0.0509259259259259
"211" "chr06" 2000001 2100000 7642 0.0881188118811881 0.0872037914691943
"221" "chr06" 2100001 2200000 9195 0.0593080724876442 0.0595813204508857
"231" "chr06" 2200001 2300000 9928 0.0949720670391062 0.0850277264325323
"26" "chr06" 2500001 2600000 5404 0.237918215613383 0.177083333333333
"271" "chr06" 2600001 2700000 4802 0.0288335517693316 0.0311720698254364
"281" "chr06" 2700001 2800000 7467 0.181992337164751 0.164835164835165
"292" "chr06" 2800001 2900000 11140 0.0623556581986143 0.0584343991179713
"322" "chr06" 3100001 3200000 4783 0.0566666666666667 0.0545746388443018
"331" "chr06" 3200001 3300000 8591 0.0552631578947368 0.0510948905109489
"342" "chr06" 3300001 3400000 10242 0.0649350649350649 0.0603674540682415
"353" "chr06" 3400001 3500000 4620 0.108235294117647 0.1019955654102
"363" "chr06" 3500001 3600000 4340 0.114832535885167 0.115562403697997
"373" "chr06" 3600001 3700000 9517 0.0371621621621622 0.0460122699386503
"383" "chr06" 3700001 3800000 6912 0.194117647058824 0.214689265536723
"412" "chr06" 4000001 4100000 10158 0.177874186550976 0.190582959641256
"422" "chr06" 4100001 4200000 6104 0.0599571734475375 0.0572687224669603
"442" "chr06" 4300001 4400000 6191 0.0683371298405467 0.0709219858156028
"451" "chr06" 4400001 4500000 8255 0.0965092402464066 0.0863157894736842
"461" "chr06" 4500001 4600000 7893 0.0841121495327103 0.076271186440678
"511" "chr06" 5000001 5100000 7948 0.0837320574162679 0.0839160839160839
"521" "chr06" 5100001 5200000 11580 0.0583756345177665 0.0656565656565656
"531" "chr06" 5200001 5300000 11480 0.0481927710843373 0.0462962962962963
"542" "chr06" 5300001 5400000 4151 0.346938775510204 0.360975609756098
"553" "chr06" 5400001 5500000 4371 0.0457516339869281 0.0306748466257669
"593" "chr06" 5800001 5900000 7731 0.0978260869565217 0.0978260869565217
"602" "chr06" 5900001 6000000 3867 0.0613810741687979 0.0537897310513447
"611" "chr06" 6000001 6100000 5905 0.139705882352941 0.106690777576854
"623" "chr06" 6100001 6200000 6365 0.054481546572935 0.0569514237855946
"642" "chr06" 6300001 6400000 9565 0.0603015075376884 0.0548302872062663
"652" "chr06" 6400001 6500000 10526 0.0586907449209932 0.0533049040511727
"662" "chr06" 6500001 6600000 5984 0.0523560209424084 0.0531645569620253
"673" "chr06" 6600001 6700000 13850 0.0499108734402852 0.051056338028169
"683" "chr06" 6700001 6800000 4039 0.0702479338842975 0.0688405797101449
"70" "chr06" 6900001 7000000 5533 0.108262108262108 0.08274231678487
"711" "chr06" 7000001 7100000 9761 0.0392156862745098 0.04
"722" "chr06" 7100001 7200000 8025 0.0532407407407407 0.0588235294117647
"731" "chr06" 7200001 7300000 7924 0.0358851674641148 0.0311750599520384
"772" "chr06" 7600001 7700000 11309 0.0152091254752852 0.018450184501845
"813" "chr06" 8000001 8100000 4446 0.0551876379690949 0.0591966173361522
"822" "chr06" 8100001 8200000 13956 0.0576652601969058 0.0548523206751055
"832" "chr06" 8200001 8300000 7063 0.0704419889502762 0.0731382978723404
"842" "chr06" 8300001 8400000 9250 0.0603829160530191 0.056980056980057
"852" "chr06" 8400001 8500000 9917 0.068421052631579 0.0697050938337802
"862" "chr06" 8500001 8600000 11805 0.0642458100558659 0.0631868131868132
"873" "chr06" 8600001 8700000 6511 0.0307692307692308 0.0278884462151394
"883" "chr06" 8700001 8800000 9063 0.0400500625782228 0.0406607369758577
"891" "chr06" 8800001 8900000 6737 0.101359703337454 0.108043217286915
"902" "chr06" 8900001 9000000 6416 0.0420918367346939 0.0443599493029151
"912" "chr06" 9000001 9100000 7515 0.0449293966623877 0.0495662949194548
"921" "chr06" 9100001 9200000 9871 0.0387481371087928 0.0406015037593985
"95" "chr06" 9400001 9500000 5456 0.0583941605839416 0.0580204778156997
"963" "chr06" 9500001 9600000 9128 0.0125628140703518 0.0132211538461538
"971" "chr06" 9600001 9700000 5639 0.080952380952381 0.0802469135802469
"981" "chr06" 9700001 9800000 5498 0.0434782608695652 0.0401948842874543
"1013" "chr06" 10000001 10100000 4165 0.0434782608695652 0.0384615384615385
"1033" "chr06" 10200001 10300000 10045 0.082670906200318 0.0740740740740741
"1052" "chr06" 10400001 10500000 8363 0.0455665024630542 0.0477987421383648
"1082" "chr06" 10700001 10800000 11054 0.0407608695652174 0.0432020330368488
"1102" "chr06" 10900001 11000000 6573 0.0373563218390805 0.0383036935704514
"1131" "chr06" 11200001 11300000 3478 0.0240641711229947 0.032967032967033
"1142" "chr06" 11300001 11400000 6397 0.0574712643678161 0.0524344569288389
"510" "chr07" 400001 500000 8592 0.291866028708134 0.246575342465753
"610" "chr07" 500001 600000 6805 0.177480916030534 0.165261382799325
"710" "chr07" 600001 700000 4671 0.09375 0.0776859504132231
"9" "chr07" 800001 900000 12103 0.119918699186992 0.1237721021611
"10" "chr07" 900001 1000000 4621 0.0936768149882904 0.0919037199124726
"192" "chr07" 1800001 1900000 6870 0.0407523510971787 0.0268741159830269
"202" "chr07" 1900001 2000000 5602 0.0607533414337789 0.0526315789473684
"222" "chr07" 2100001 2200000 4989 0.0294759825327511 0.011090573012939
"232" "chr07" 2200001 2300000 5995 0.140808344198175 0.112612612612613
"24" "chr07" 2300001 2400000 4549 0.087962962962963 0.0751748251748252
"253" "chr07" 2400001 2500000 11070 0.126984126984127 0.138413685847589
"261" "chr07" 2500001 2600000 9871 0.0309523809523809 0.0307941653160454
"282" "chr07" 2700001 2800000 4841 0.0467196819085487 0.0335051546391753
"293" "chr07" 2800001 2900000 10861 0.121387283236994 0.0753968253968254
"302" "chr07" 2900001 3000000 7220 0.0899053627760252 0.0875
"312" "chr07" 3000001 3100000 6428 0.077175697865353 0.0783034257748776
"354" "chr07" 3400001 3500000 4945 0.0273159144893112 0.0278745644599303
"392" "chr07" 3800001 3900000 7863 0.0587326120556414 0.0598802395209581
"401" "chr07" 3900001 4000000 14829 0.096958174904943 0.101289134438306
"413" "chr07" 4000001 4100000 9759 0.0579345088161209 0.0577617328519856
"431" "chr07" 4200001 4300000 9020 0.0608187134502924 0.0450867052023121
"443" "chr07" 4300001 4400000 8329 0.0898617511520737 0.074468085106383
"512" "chr07" 5000001 5100000 10824 0.0579268292682927 0.0635964912280702
"543" "chr07" 5300001 5400000 4975 0.0556291390728477 0.0568383658969805
"554" "chr07" 5400001 5500000 8827 0.0508474576271186 0.0512820512820513
"561" "chr07" 5500001 5600000 6062 0.154135338345865 0.169665809768638
"594" "chr07" 5800001 5900000 5495 0.0766823161189358 0.0857740585774059
"603" "chr07" 5900001 6000000 11105 0.0799112097669256 0.092436974789916
"612" "chr07" 6000001 6100000 9182 0.0324763193504736 0.0277777777777778
"653" "chr07" 6400001 6500000 6877 0.027536231884058 0.0374449339207048
"712" "chr07" 7000001 7100000 7092 0.0355731225296443 0.0383561643835616
"732" "chr07" 7200001 7300000 4031 0.119617224880383 0.116710875331565
"743" "chr07" 7300001 7400000 8441 0.149882903981265 0.153191489361702
"843" "chr07" 8300001 8400000 7171 0.0839328537170264 0.08
"932" "chr07" 9200001 9300000 7018 0.0382352941176471 0.0296495956873315
"982" "chr07" 9700001 9800000 6053 0.0510948905109489 0.0624113475177305
"993" "chr07" 9800001 9900000 9026 0.214601769911504 0.22075055187638
"1002" "chr07" 9900001 10000000 7825 0.115463917525773 0.106690777576854
"1022" "chr07" 10100001 10200000 11557 0.123655913978495 0.134259259259259
"1212" "chr08" 1100001 1200000 6257 0.284263959390863 0.287878787878788
"15" "chr08" 1400001 1500000 8387 0.0619946091644205 0.0706521739130435
"161" "chr08" 1500001 1600000 9152 0.0944527736131934 0.0888575458392102
"172" "chr08" 1600001 1700000 6221 0.118556701030928 0.126009693053312
"241" "chr08" 2300001 2400000 14109 0.0491159135559921 0.042830540037244
"254" "chr08" 2400001 2500000 7496 0.0717703349282297 0.0827250608272506
"272" "chr08" 2600001 2700000 4588 0.0589887640449438 0.0548926014319809
"332" "chr08" 3200001 3300000 5052 0.117073170731707 0.155555555555556
"343" "chr08" 3300001 3400000 5426 0.0463121783876501 0.0486223662884927
"384" "chr08" 3700001 3800000 9211 0.0411522633744856 0.0385674931129477
"402" "chr08" 3900001 4000000 5219 0.0328227571115974 0.0313152400835073
"414" "chr08" 4000001 4100000 5686 0.0701107011070111 0.0610169491525424
"452" "chr08" 4400001 4500000 8310 0.0419753086419753 0.0419501133786848
"513" "chr08" 5000001 5100000 4656 0.23546511627907 0.210659898477157
"522" "chr08" 5100001 5200000 6281 0.0291479820627803 0.0314465408805031
"532" "chr08" 5200001 5300000 14231 0.0727969348659004 0.0692588092345079
"544" "chr08" 5300001 5400000 5186 0.0362204724409449 0.0392441860465116
"624" "chr08" 6100001 6200000 9786 0.0258899676375405 0.0274636510500808
"643" "chr08" 6300001 6400000 8068 0.0509666080843585 0.0516666666666667
"654" "chr08" 6400001 6500000 8668 0.0733410942956927 0.0734149054505006
"663" "chr08" 6500001 6600000 8249 0.0413333333333333 0.0469543147208122
"674" "chr08" 6600001 6700000 16596 0.0417209908735332 0.0477987421383648
"684" "chr08" 6700001 6800000 12234 0.0711462450592885 0.0724832214765101
"701" "chr08" 6900001 7000000 4970 0.0696055684454756 0.070362473347548
"713" "chr08" 7000001 7100000 6674 0.0378310214375788 0.0360144057623049
"723" "chr08" 7100001 7200000 8681 0.0853932584269663 0.0825190010857763
"733" "chr08" 7200001 7300000 7869 0.0207100591715976 0.0178394449950446
"744" "chr08" 7300001 7400000 11752 0.032979976442874 0.0335260115606936
"752" "chr08" 7400001 7500000 11707 0.106418918918919 0.109028960817717
"773" "chr08" 7600001 7700000 9129 0.226950354609929 0.224137931034483
"792" "chr08" 7800001 7900000 5942 0.0609756097560976 0.0709677419354839
"814" "chr08" 8000001 8100000 4750 0.0883720930232558 0.0863453815261044
"833" "chr08" 8200001 8300000 6835 0.0599369085173502 0.0589198036006547
"892" "chr08" 8800001 8900000 12659 0.0935251798561151 0.0853242320819113
"903" "chr08" 8900001 9000000 4562 0.0263157894736842 0.0269461077844311
"913" "chr08" 9000001 9100000 6383 0.04047976011994 0.0411347517730496
"972" "chr08" 9600001 9700000 11125 0.051413881748072 0.0434782608695652
"983" "chr08" 9700001 9800000 3814 0.142857142857143 0.160852713178295
"1003" "chr08" 9900001 10000000 4681 0.0256410256410256 0.0285714285714286
"1023" "chr08" 10100001 10200000 4077 0.0277469478357381 0.0353356890459364
"1034" "chr08" 10200001 10300000 5236 0.0496969696969697 0.0502450980392157
"1042" "chr08" 10300001 10400000 8748 0.04296875 0.0419103313840156
"1062" "chr08" 10500001 10600000 7013 0.0482456140350877 0.0433839479392625
"1091" "chr08" 10800001 10900000 8949 0.0665938864628821 0.0646506777893639
"1103" "chr08" 10900001 11000000 6481 0.05 0.0411826821541711
"1112" "chr08" 11000001 11100000 7321 0.0225385527876631 0.0264741275571601
"1123" "chr08" 11100001 11200000 8406 0.0550239234449761 0.0597758405977584
"1132" "chr08" 11200001 11300000 8228 0.0671232876712329 0.0651595744680851
"1143" "chr08" 11300001 11400000 5004 0.0299003322259136 0.0309498399146211
"1183" "chr08" 11700001 11800000 5460 0.0426894343649947 0.0452631578947368
"1221" "chr08" 12100001 12200000 4908 0.0675105485232067 0.06640625
"1231" "chr08" 12200001 12300000 4716 0.0995024875621891 0.107876712328767
"1282" "chr08" 12700001 12800000 5676 0.183574879227053 0.145299145299145
"1291" "chr08" 12800001 12900000 5081 0.23696682464455 0.173160173160173
"514" "chr09" 400001 500000 4163 0.382198952879581 0.407608695652174
"910" "chr09" 800001 900000 6688 0.195250659630607 0.179245283018868
"134" "chr09" 1200001 1300000 6093 0.157635467980296 0.156739811912226
"142" "chr09" 1300001 1400000 7520 0.232 0.226337448559671
"151" "chr09" 1400001 1500000 4396 0.101973684210526 0.0885245901639344
"162" "chr09" 1500001 1600000 5065 0.0516666666666667 0.0416047548291233
"173" "chr09" 1600001 1700000 6290 0.369346733668342 0.390428211586902
"182" "chr09" 1700001 1800000 4101 0.0874704491725768 0.101809954751131
"193" "chr09" 1800001 1900000 5501 0.0728346456692913 0.0638297872340425
"203" "chr09" 1900001 2000000 11231 0.0584878744650499 0.0592193808882907
"255" "chr09" 2400001 2500000 4545 0.0830188679245283 0.0730837789661319
"262" "chr09" 2500001 2600000 5812 0.0494186046511628 0.050131926121372
"323" "chr09" 3100001 3200000 7127 0.118932038834951 0.110619469026549
"333" "chr09" 3200001 3300000 4997 0.253333333333333 0.226337448559671
"344" "chr09" 3300001 3400000 14096 0.0633245382585752 0.0693333333333333
"374" "chr09" 3600001 3700000 7643 0.0970394736842105 0.0928
"385" "chr09" 3700001 3800000 8479 0.0717948717948718 0.0752136752136752
"393" "chr09" 3800001 3900000 11929 0.135537190082645 0.127483443708609
"403" "chr09" 3900001 4000000 8384 0.0608974358974359 0.0636645962732919
"432" "chr09" 4200001 4300000 7776 0.0939226519337017 0.0898100172711572
"453" "chr09" 4400001 4500000 5944 0.284974093264249 0.239263803680982
"462" "chr09" 4500001 4600000 5745 0.0579710144927536 0.0612244897959184
"49" "chr09" 4800001 4900000 9901 0.0501355013550136 0.0472972972972973
"502" "chr09" 4900001 5000000 4002 0.0492957746478873 0.0365058670143416
"515" "chr09" 5000001 5100000 10999 0.0638297872340425 0.063943161634103
"523" "chr09" 5100001 5200000 5363 0.0515463917525773 0.0559006211180124
"562" "chr09" 5500001 5600000 10941 0.0490196078431373 0.044921875
"571" "chr09" 5600001 5700000 7674 0.107843137254902 0.102756892230576
"582" "chr09" 5700001 5800000 6352 0.104519774011299 0.0987341772151899
"595" "chr09" 5800001 5900000 6001 0.0684596577017115 0.0556792873051225
"604" "chr09" 5900001 6000000 12932 0.128205128205128 0.121951219512195
"613" "chr09" 6000001 6100000 15362 0.0441988950276243 0.0455764075067024
"625" "chr09" 6100001 6200000 35002 0.134751773049645 0.129568106312292
"633" "chr09" 6200001 6300000 12421 0.0450819672131148 0.0428849902534113
"644" "chr09" 6300001 6400000 11215 0.0284552845528455 0.0297029702970297
"655" "chr09" 6400001 6500000 12687 0.0462809917355372 0.0476190476190476
"664" "chr09" 6500001 6600000 13951 0.0796116504854369 0.0783582089552239
"675" "chr09" 6600001 6700000 6740 0.0601769911504425 0.0567010309278351
"685" "chr09" 6700001 6800000 8555 0.10655737704918 0.0950570342205323
"693" "chr09" 6800001 6900000 9321 0.0486409155937053 0.046639231824417
"714" "chr09" 7000001 7100000 6833 0.0586510263929619 0.0489130434782609
"724" "chr09" 7100001 7200000 5907 0.0899581589958159 0.0823754789272031
"734" "chr09" 7200001 7300000 6074 0.048 0.0486381322957198
"745" "chr09" 7300001 7400000 4267 0.0398550724637681 0.040650406504065
"753" "chr09" 7400001 7500000 9278 0.0987012987012987 0.0890052356020942
"803" "chr09" 7900001 8000000 6393 0.047244094488189 0.0455974842767296
"853" "chr09" 8400001 8500000 7220 0.0193236714975845 0.0262751159196291
"863" "chr09" 8500001 8600000 5498 0.0154373927958834 0.0132669983416252
"884" "chr09" 8700001 8800000 7988 0.0549738219895288 0.0565217391304348
"904" "chr09" 8900001 9000000 10346 0.0437601296596434 0.0460624071322437
"914" "chr09" 9000001 9100000 6899 0.0621468926553672 0.0567010309278351
"933" "chr09" 9200001 9300000 9126 0.0504731861198738 0.054989816700611
"942" "chr09" 9300001 9400000 6058 0.027603513174404 0.0255754475703325
"951" "chr09" 9400001 9500000 7150 0.0404191616766467 0.0437956204379562
"984" "chr09" 9700001 9800000 4873 0.0666666666666667 0.0723938223938224
"994" "chr09" 9800001 9900000 27910 0.0392156862745098 0.0460122699386503
"1004" "chr09" 9900001 10000000 14441 0.0538243626062323 0.0524899057873486
"1014" "chr09" 10000001 10100000 10460 0.0631136044880785 0.0590604026845638
"1024" "chr09" 10100001 10200000 7117 0.062953995157385 0.0673635307781649
"1035" "chr09" 10200001 10300000 6058 0.0600801068090788 0.0554089709762533
"1053" "chr09" 10400001 10500000 6046 0.0934150076569678 0.0965309200603318
"1063" "chr09" 10500001 10600000 13368 0.0928433268858801 0.0878504672897196
"1073" "chr09" 10600001 10700000 7511 0.123689727463312 0.133333333333333
"1083" "chr09" 10700001 10800000 11737 0.139751552795031 0.134375
"1092" "chr09" 10800001 10900000 6233 0.216748768472906 0.205928237129485
"1104" "chr09" 10900001 11000000 8780 0.329268292682927 0.308641975308642
"135" "chr10" 1200001 1300000 7449 0.0384047267355982 0.0347222222222222
"143" "chr10" 1300001 1400000 6498 0.0301507537688442 0.0348953140578265
"152" "chr10" 1400001 1500000 7921 0.163355408388521 0.166666666666667
"163" "chr10" 1500001 1600000 6121 0.028493894165536 0.0313725490196078
"273" "chr10" 2600001 2700000 5183 0.0337078651685393 0.0457227138643068
"334" "chr10" 3200001 3300000 9532 0.0172117039586919 0.0186625194401244
"345" "chr10" 3300001 3400000 10809 0.0774058577405858 0.0732673267326733
"355" "chr10" 3400001 3500000 12088 0.172248803827751 0.161016949152542
"375" "chr10" 3600001 3700000 10866 0.0571791613722999 0.0531286894923259
"404" "chr10" 3900001 4000000 9550 0.0360169491525424 0.0412371134020619
"454" "chr10" 4400001 4500000 4360 0.0466045272969374 0.0482233502538071
"463" "chr10" 4500001 4600000 8353 0.0568181818181818 0.0575757575757576
"503" "chr10" 4900001 5000000 7241 0.0268199233716475 0.0251798561151079
"516" "chr10" 5000001 5100000 10822 0.0323943661971831 0.0320855614973262
"533" "chr10" 5200001 5300000 4638 0.0848214285714286 0.0748987854251012
"572" "chr10" 5600001 5700000 5204 0.0709969788519638 0.0655509065550907
"583" "chr10" 5700001 5800000 7360 0.0487528344671202 0.0429988974641676
"596" "chr10" 5800001 5900000 4275 0.0602409638554217 0.0550070521861777
"614" "chr10" 6000001 6100000 6264 0.105982905982906 0.0887372013651877
"626" "chr10" 6100001 6200000 7502 0.0453752181500873 0.0472972972972973
"634" "chr10" 6200001 6300000 8678 0.0868217054263566 0.0745614035087719
"645" "chr10" 6300001 6400000 3876 0.0353982300884956 0.0361794500723589
"656" "chr10" 6400001 6500000 6454 0.0296010296010296 0.0363408521303258
"665" "chr10" 6500001 6600000 6602 0.0967423494570582 0.099712368168744
"676" "chr10" 6600001 6700000 5975 0.0253378378378378 0.0250783699059561
"686" "chr10" 6700001 6800000 14914 0.0711297071129707 0.0706967213114754
"694" "chr10" 6800001 6900000 5199 0.0187134502923977 0.0188888888888889
"702" "chr10" 6900001 7000000 12745 0.0405186385737439 0.0398089171974522
"715" "chr10" 7000001 7100000 10185 0.0194552529182879 0.0226415094339623
"754" "chr10" 7400001 7500000 5101 0.0956072351421189 0.0930232558139535
"762" "chr10" 7500001 7600000 5228 0.03515625 0.0385572139303483
"804" "chr10" 7900001 8000000 9675 0.0333333333333333 0.0359937402190923
"823" "chr10" 8100001 8200000 5198 0.120300751879699 0.124183006535948
"844" "chr10" 8300001 8400000 4731 0.0910746812386157 0.0880913539967374
"854" "chr10" 8400001 8500000 6292 0.0517241379310345 0.0512820512820513
"885" "chr10" 8700001 8800000 5847 0.0746887966804979 0.0806241872561769
"922" "chr10" 9100001 9200000 11806 0.132009345794393 0.130144605116796
"934" "chr10" 9200001 9300000 6575 0.0310880829015544 0.0297219558964525
"952" "chr10" 9400001 9500000 8514 0.238636363636364 0.225296442687747
"985" "chr10" 9700001 9800000 6650 0.125 0.137992831541219
"144" "chr11" 1300001 1400000 5632 0.263157894736842 0.266553480475382
"164" "chr11" 1500001 1600000 4613 0.0564263322884013 0.0647249190938511
"174" "chr11" 1600001 1700000 6643 0.0631443298969072 0.0607533414337789
"183" "chr11" 1700001 1800000 7884 0.129213483146067 0.138643067846608
"194" "chr11" 1800001 1900000 6137 0.0650636492220651 0.0555555555555556
"204" "chr11" 1900001 2000000 7166 0.0918367346938776 0.0990853658536585
"263" "chr11" 2500001 2600000 4890 0.068870523415978 0.0572916666666667
"274" "chr11" 2600001 2700000 6211 0.033033033033033 0.0387275242047026
"283" "chr11" 2700001 2800000 6125 0.0853658536585366 0.0923076923076923
"313" "chr11" 3000001 3100000 7208 0.0432569974554707 0.0423216444981862
"324" "chr11" 3100001 3200000 4973 0.0634674922600619 0.0649762282091918
"335" "chr11" 3200001 3300000 12343 0.119901112484549 0.12200956937799
"376" "chr11" 3600001 3700000 7792 0.122171945701357 0.129850746268657
"386" "chr11" 3700001 3800000 9468 0.0694444444444444 0.0715532286212915
"48" "chr11" 4700001 4800000 8577 0.0679886685552408 0.0668449197860963
"491" "chr11" 4800001 4900000 10189 0.0395480225988701 0.0476190476190476
"504" "chr11" 4900001 5000000 8836 0.115473441108545 0.125531914893617
"517" "chr11" 5000001 5100000 11700 0.10337972166998 0.10188679245283
"524" "chr11" 5100001 5200000 6798 0.029126213592233 0.0313432835820895
"555" "chr11" 5400001 5500000 8631 0.125714285714286 0.108695652173913
"646" "chr11" 6300001 6400000 6130 0.054726368159204 0.0567685589519651
"657" "chr11" 6400001 6500000 11564 0.0334788937409025 0.0306122448979592
"666" "chr11" 6500001 6600000 11184 0.274611398963731 0.27039627039627
"677" "chr11" 6600001 6700000 5880 0.150684931506849 0.144144144144144
"687" "chr11" 6700001 6800000 4709 0.337078651685393 0.243478260869565
"695" "chr11" 6800001 6900000 10019 0.0726256983240224 0.0716253443526171
"703" "chr11" 6900001 7000000 4810 0.111111111111111 0.0842490842490842
"716" "chr11" 7000001 7100000 6606 0.0214797136038186 0.0251141552511416
"735" "chr11" 7200001 7300000 6500 0.176470588235294 0.198501872659176
"746" "chr11" 7300001 7400000 15605 0.0606741573033708 0.0639658848614073
"755" "chr11" 7400001 7500000 6953 0.0404949381327334 0.0402611534276387
"763" "chr11" 7500001 7600000 7912 0.037410071942446 0.0416666666666667
"793" "chr11" 7800001 7900000 4215 0.0628930817610063 0.0625
"834" "chr11" 8200001 8300000 8026 0.0613496932515337 0.0570776255707763
"855" "chr11" 8400001 8500000 5848 0.0811170212765957 0.0890957446808511
"864" "chr11" 8500001 8600000 7328 0.187878787878788 0.179540709812109
"874" "chr11" 8600001 8700000 4441 0.198830409356725 0.199616122840691
"915" "chr11" 9000001 9100000 9698 0.0982318271119843 0.107692307692308
"935" "chr11" 9200001 9300000 4649 0.0196428571428571 0.0185810810810811
"973" "chr11" 9600001 9700000 5808 0.0731343283582089 0.0696969696969697
"986" "chr11" 9700001 9800000 9458 0.0869565217391304 0.0907441016333938
"995" "chr11" 9800001 9900000 11317 0.0416047548291233 0.0434131736526946
"1005" "chr11" 9900001 10000000 7004 0.0485232067510549 0.052060737527115
"1015" "chr11" 10000001 10100000 5911 0.0399274047186933 0.0346666666666667
"1025" "chr11" 10100001 10200000 5772 0.0363447559709242 0.0393873085339169
"1036" "chr11" 10200001 10300000 9307 0.0430232558139535 0.0389461626575029
"1054" "chr11" 10400001 10500000 4803 0.0727272727272727 0.0749063670411985
"1064" "chr11" 10500001 10600000 9012 0.046029919447641 0.0545670225385528
"1093" "chr11" 10800001 10900000 7375 0.0340356564019449 0.0302114803625378
"1144" "chr11" 11300001 11400000 4519 0.0927272727272727 0.115384615384615
"1201" "chr11" 11900001 12000000 6585 0.475836431226766 0.52059925093633
"518" "chr12" 400001 500000 8904 0.146198830409357 0.160583941605839
"615" "chr12" 500001 600000 9065 0.270462633451957 0.25
"810" "chr12" 700001 800000 4057 0.15606936416185 0.172804532577904
"916" "chr12" 800001 900000 11227 0.0419354838709677 0.048411497730711
"145" "chr12" 1300001 1400000 6728 0.0303030303030303 0.0321151716500554
"175" "chr12" 1600001 1700000 5087 0.0576368876080692 0.0552486187845304
"184" "chr12" 1700001 1800000 6567 0.144212523719165 0.147058823529412
"284" "chr12" 2700001 2800000 5299 0.0494037478705281 0.0545144804088586
"314" "chr12" 3000001 3100000 8143 0.0380348652931854 0.034375
"325" "chr12" 3100001 3200000 7847 0.0963597430406852 0.0980810234541578
"356" "chr12" 3400001 3500000 4287 0.0776942355889724 0.0671641791044776
"364" "chr12" 3500001 3600000 7261 0.0364963503649635 0.0421792618629174
"377" "chr12" 3600001 3700000 4983 0.207792207792208 0.221518987341772
"415" "chr12" 4000001 4100000 6402 0.0449612403100775 0.0453834115805947
"423" "chr12" 4100001 4200000 4720 0.0683544303797468 0.0753512132822478
"433" "chr12" 4200001 4300000 10876 0.0584677419354839 0.0586011342155009
"444" "chr12" 4300001 4400000 12298 0.0778145695364238 0.0799373040752351
"455" "chr12" 4400001 4500000 5849 0.04 0.041958041958042
"505" "chr12" 4900001 5000000 6570 0.0441458733205374 0.0448598130841121
"519" "chr12" 5000001 5100000 12917 0.261904761904762 0.251968503937008
"534" "chr12" 5200001 5300000 4272 0.0396946564885496 0.0361290322580645
"545" "chr12" 5300001 5400000 8634 0.069811320754717 0.0674157303370786
"556" "chr12" 5400001 5500000 7525 0.12457337883959 0.12
"563" "chr12" 5500001 5600000 8488 0.102449888641425 0.0905263157894737
"573" "chr12" 5600001 5700000 6497 0.037914691943128 0.0305810397553517
"584" "chr12" 5700001 5800000 5987 0.0813397129186603 0.0866141732283465
"597" "chr12" 5800001 5900000 14662 0.0672727272727273 0.0662020905923345
"605" "chr12" 5900001 6000000 11935 0.03125 0.0368421052631579
"616" "chr12" 6000001 6100000 5359 0.105363984674329 0.102941176470588
"627" "chr12" 6100001 6200000 14575 0.0592783505154639 0.0533642691415313
"635" "chr12" 6200001 6300000 8696 0.196808510638298 0.19047619047619
"647" "chr12" 6300001 6400000 4810 0.164179104477612 0.156424581005587
"658" "chr12" 6400001 6500000 7029 0.0578778135048231 0.0615640599001664
"667" "chr12" 6500001 6600000 11717 0.0464190981432361 0.0498652291105121
"688" "chr12" 6700001 6800000 6594 0.0349013657056146 0.0360902255639098
"696" "chr12" 6800001 6900000 4750 0.0296896086369771 0.0318559556786704
"717" "chr12" 7000001 7100000 10380 0.0583016476552598 0.0611183355006502
"725" "chr12" 7100001 7200000 5729 0.0513698630136986 0.0547008547008547
"736" "chr12" 7200001 7300000 6218 0.0556552962298025 0.0499075785582255
"747" "chr12" 7300001 7400000 6141 0.146666666666667 0.129129129129129
"774" "chr12" 7600001 7700000 8156 0.0478632478632479 0.043630017452007
"781" "chr12" 7700001 7800000 5249 0.0447761194029851 0.0533333333333333
"824" "chr12" 8100001 8200000 5514 0.0825 0.0744920993227991
"845" "chr12" 8300001 8400000 4879 0.142857142857143 0.13855421686747
"875" "chr12" 8600001 8700000 4622 0.0543478260869565 0.0514018691588785
"886" "chr12" 8700001 8800000 9276 0.049136786188579 0.0515463917525773
"905" "chr12" 8900001 9000000 4763 0.05 0.0636042402826855
"917" "chr12" 9000001 9100000 8481 0.0280830280830281 0.0274135876042908
"936" "chr12" 9200001 9300000 14964 0.0984555984555985 0.101476014760148
"943" "chr12" 9300001 9400000 5508 0.108597285067873 0.125307125307125
"953" "chr12" 9400001 9500000 4706 0.194915254237288 0.188571428571429
"964" "chr12" 9500001 9600000 14611 0.03125 0.0283400809716599
"987" "chr12" 9700001 9800000 3321 0.324 0.272413793103448
"815" "chr13" 700001 800000 5278 0.166666666666667 0.167958656330749
"918" "chr13" 800001 900000 12586 0.128378378378378 0.125279642058166
"1010" "chr13" 900001 1000000 8060 0.115294117647059 0.10738255033557
"1110" "chr13" 1000001 1100000 7718 0.0928030303030303 0.0910852713178295
"136" "chr13" 1200001 1300000 6962 0.0440366972477064 0.0450997398091934
"146" "chr13" 1300001 1400000 6497 0.0460947503201024 0.0463414634146341
"155" "chr13" 1400001 1500000 8178 0.0743380855397149 0.0772316950852558
"165" "chr13" 1500001 1600000 6304 0.0425321463897132 0.037037037037037
"176" "chr13" 1600001 1700000 7571 0.0359712230215827 0.0336048879837067
"185" "chr13" 1700001 1800000 4567 0.0287141073657928 0.0392156862745098
"195" "chr13" 1800001 1900000 5997 0.0252454417952314 0.0262123197903014
"256" "chr13" 2400001 2500000 9897 0.0480887792848335 0.0490654205607477
"264" "chr13" 2500001 2600000 7579 0.135922330097087 0.136020151133501
"294" "chr13" 2800001 2900000 11092 0.0215163934426229 0.0212765957446809
"315" "chr13" 3000001 3100000 4427 0.0821917808219178 0.0904183535762483
"326" "chr13" 3100001 3200000 11636 0.0411392405063291 0.0387359836901121
"336" "chr13" 3200001 3300000 8788 0.0837070254110613 0.0909090909090909
"357" "chr13" 3400001 3500000 6441 0.0466830466830467 0.0459183673469388
"365" "chr13" 3500001 3600000 7180 0.0728597449908925 0.0679933665008292
"378" "chr13" 3600001 3700000 10947 0.0625814863102999 0.058968058968059
"387" "chr13" 3700001 3800000 5413 0.0911360799001248 0.103321033210332
"405" "chr13" 3900001 4000000 16586 0.0503067484662577 0.0486111111111111
"416" "chr13" 4000001 4100000 8518 0.043656207366985 0.0459921156373193
"424" "chr13" 4100001 4200000 9509 0.0305250305250305 0.0300480769230769
"434" "chr13" 4200001 4300000 5603 0.0241610738255034 0.0245478036175711
"445" "chr13" 4300001 4400000 9073 0.0375521557719054 0.0284237726098191
"546" "chr13" 5300001 5400000 6144 0.0596153846153846 0.0494505494505494
"557" "chr13" 5400001 5500000 9886 0.0439844760672704 0.0389105058365759
"564" "chr13" 5500001 5600000 8942 0.0168878166465621 0.0136138613861386
"574" "chr13" 5600001 5700000 7487 0.0570934256055363 0.0636042402826855
"617" "chr13" 6000001 6100000 5433 0.107355864811133 0.107485604606526
"628" "chr13" 6100001 6200000 4325 0.0608519269776876 0.0588235294117647
"636" "chr13" 6200001 6300000 10005 0.0328227571115974 0.0336134453781513
"648" "chr13" 6300001 6400000 6376 0.0629750271444083 0.063169164882227
"704" "chr13" 6900001 7000000 5537 0.0446998722860792 0.0471584038694075
"718" "chr13" 7000001 7100000 11646 0.0427350427350427 0.0426195426195426
"726" "chr13" 7100001 7200000 8579 0.0724191063174114 0.073342736248237
"737" "chr13" 7200001 7300000 7889 0.108108108108108 0.116438356164384
"794" "chr13" 7800001 7900000 5338 0.0995475113122172 0.0881720430107527
"846" "chr13" 8300001 8400000 3679 0.105726872246696 0.108459869848156
"906" "chr13" 8900001 9000000 6344 0.0625978090766823 0.0671641791044776
"919" "chr13" 9000001 9100000 6031 0.0364050056882821 0.0382882882882883
"923" "chr13" 9100001 9200000 5909 0.0641330166270784 0.0682382133995037
"996" "chr13" 9800001 9900000 7785 0.0890909090909091 0.0813308687615527
"1006" "chr13" 9900001 10000000 9243 0.144522144522145 0.128540305010893
"1016" "chr13" 10000001 10100000 8237 0.0417362270450751 0.0424448217317487
"1026" "chr13" 10100001 10200000 8589 0.0863013698630137 0.0828877005347593
"1037" "chr13" 10200001 10300000 4677 0.0854572713643179 0.0897250361794501
"1105" "chr13" 10900001 11000000 4335 0.0671641791044776 0.0635593220338983
"1145" "chr13" 11300001 11400000 5563 0.217213114754098 0.178861788617886
"166" "chr14" 1500001 1600000 7679 0.101123595505618 0.0964285714285714
"177" "chr14" 1600001 1700000 10502 0.132930513595166 0.129213483146067
"186" "chr14" 1700001 1800000 5050 0.0767543859649123 0.0717213114754098
"196" "chr14" 1800001 1900000 9760 0.0376766091051805 0.0424886191198786
"205" "chr14" 1900001 2000000 7951 0.0448343079922027 0.0448473282442748
"212" "chr14" 2000001 2100000 8139 0.0386416861826698 0.0405561993047509
"223" "chr14" 2100001 2200000 7684 0.0512562814070352 0.0493096646942801
"242" "chr14" 2300001 2400000 9267 0.0405014464802314 0.0382862351868733
"275" "chr14" 2600001 2700000 7598 0.0532544378698225 0.0577299412915851
"337" "chr14" 3200001 3300000 6221 0.0277044854881266 0.0278884462151394
"366" "chr14" 3500001 3600000 6308 0.107365792759051 0.0989761092150171
"417" "chr14" 4000001 4100000 3924 0.0427046263345196 0.0424311926605505
"425" "chr14" 4100001 4200000 3753 0.0263157894736842 0.0238095238095238
"464" "chr14" 4500001 4600000 8269 0.155660377358491 0.182795698924731
"525" "chr14" 5100001 5200000 8280 0.125628140703518 0.128205128205128
"535" "chr14" 5200001 5300000 5061 0.147826086956522 0.19047619047619
"565" "chr14" 5500001 5600000 10056 0.0238970588235294 0.0231729055258467
"585" "chr14" 5700001 5800000 7647 0.0334394904458599 0.0270676691729323
"598" "chr14" 5800001 5900000 5422 0.0823863636363636 0.0691489361702128
"606" "chr14" 5900001 6000000 5678 0.0352422907488987 0.0338983050847458
"689" "chr14" 6700001 6800000 13034 0.0498442367601246 0.0471976401179941
"748" "chr14" 7300001 7400000 8717 0.0584958217270195 0.0655737704918033
"782" "chr14" 7700001 7800000 4899 0.0328467153284672 0.0402097902097902
"805" "chr14" 7900001 8000000 9638 0.120845921450151 0.113207547169811
"816" "chr14" 8000001 8100000 9571 0.0423387096774194 0.0458167330677291
"825" "chr14" 8100001 8200000 4360 0.0428571428571429 0.0395604395604396
"893" "chr14" 8800001 8900000 4712 0.0933333333333333 0.0780885780885781
"907" "chr14" 8900001 9000000 6716 0.0853146853146853 0.0827586206896552
"924" "chr14" 9100001 9200000 5082 0.024896265560166 0.0266106442577031
"937" "chr14" 9200001 9300000 9518 0.0323846908734053 0.033033033033033
"944" "chr14" 9300001 9400000 8702 0.0320623916811092 0.0358056265984655
"954" "chr14" 9400001 9500000 6129 0.0218120805369128 0.024914089347079
"988" "chr14" 9700001 9800000 7349 0.0620915032679739 0.0614692653673164
"997" "chr14" 9800001 9900000 7416 0.0425311203319502 0.0422535211267606
"1007" "chr14" 9900001 10000000 4630 0.0488636363636364 0.0511033681765389
"1027" "chr14" 10100001 10200000 6674 0.131840796019901 0.136950904392765
"1" "chr15" 1 100000 8430 0.786206896551724 0.85981308411215
"2" "chr15" 100001 200000 8419 0.116666666666667 0.114130434782609
"719" "chr15" 600001 700000 6281 0.0728155339805825 0.0672131147540984
"920" "chr15" 800001 900000 12171 0.0805555555555556 0.0790190735694823
"1017" "chr15" 900001 1000000 5154 0.0596026490066225 0.047741935483871
"147" "chr15" 1300001 1400000 5094 0.0719640179910045 0.0570652173913043
"187" "chr15" 1700001 1800000 6896 0.101214574898785 0.107569721115538
"197" "chr15" 1800001 1900000 4137 0.18936877076412 0.15807560137457
"213" "chr15" 2000001 2100000 13682 0.0509868421052632 0.0516962843295638
"224" "chr15" 2100001 2200000 4423 0.102310231023102 0.108843537414966
"276" "chr15" 2600001 2700000 13298 0.101576182136602 0.0923076923076923
"303" "chr15" 2900001 3000000 4395 0.080895008605852 0.0912052117263844
"327" "chr15" 3100001 3200000 8707 0.0543478260869565 0.0519083969465649
"338" "chr15" 3200001 3300000 7348 0.0323488045007032 0.0347322720694645
"346" "chr15" 3300001 3400000 5673 0.0576323987538941 0.0542857142857143
"367" "chr15" 3500001 3600000 6416 0.0175438596491228 0.0179640718562874
"379" "chr15" 3600001 3700000 5556 0.0456375838926174 0.0339622641509434
"406" "chr15" 3900001 4000000 11972 0.0485629335976214 0.0469348659003831
"426" "chr15" 4100001 4200000 10497 0.0753828032979976 0.0778781038374718
"456" "chr15" 4400001 4500000 8966 0.0324825986078886 0.0212765957446809
"481" "chr15" 4700001 4800000 6031 0.0949367088607595 0.102836879432624
"526" "chr15" 5100001 5200000 8039 0.06 0.0581162324649299
"547" "chr15" 5300001 5400000 8313 0.100154083204931 0.0593471810089021
"558" "chr15" 5400001 5500000 8703 0.105675146771037 0.0965909090909091
"566" "chr15" 5500001 5600000 9051 0.0650406504065041 0.0584795321637427
"575" "chr15" 5600001 5700000 4687 0.0868055555555556 0.0610169491525424
"629" "chr15" 6100001 6200000 8170 0.0714285714285714 0.0879120879120879
"637" "chr15" 6200001 6300000 4791 0.0614849187935035 0.0778443113772455
"668" "chr15" 6500001 6600000 11889 0.244325767690254 0.226694915254237
"678" "chr15" 6600001 6700000 9625 0.0401891252955083 0.0386100386100386
"727" "chr15" 7100001 7200000 6028 0.0651974288337925 0.0903010033444816
"775" "chr15" 7600001 7700000 11951 0.104046242774566 0.0899053627760252
"783" "chr15" 7700001 7800000 8232 0.0488997555012225 0.031413612565445
"795" "chr15" 7800001 7900000 6335 0.0649214659685864 0.0578231292517007
"887" "chr15" 8700001 8800000 14858 0.0770877944325482 0.0785340314136126
"894" "chr15" 8800001 8900000 5226 0.0578231292517007 0.0880281690140845
"149" "chr15" 14800001 14900000 6708 0.0823970037453184 0.066147859922179
"169" "chr15" 16800001 16900000 16076 0.0458190148911798 0.0410810810810811
"170" "chr15" 16900001 17000000 6934 0.0529482551143201 0.0544378698224852
"1711" "chr15" 17000001 17100000 11280 0.045135406218656 0.0440313111545988
"1721" "chr15" 17100001 17200000 6794 0.078909612625538 0.0742424242424242
"1731" "chr15" 17200001 17300000 14458 0.0815789473684211 0.0766233766233766
"1741" "chr15" 17300001 17400000 7785 0.0449704142011834 0.0480549199084668
"1761" "chr15" 17500001 17600000 6425 0.136645962732919 0.120481927710843
"618" "chr16" 500001 600000 4458 0.4 0.521739130434783
"328" "chr16" 3100001 3200000 8104 0.0871369294605809 0.0802603036876356
"339" "chr16" 3200001 3300000 10687 0.0684292379471229 0.0704441041347626
"388" "chr16" 3700001 3800000 10108 0.0955882352941176 0.0848623853211009
"394" "chr16" 3800001 3900000 7846 0.0323232323232323 0.0422018348623853
"407" "chr16" 3900001 4000000 7749 0.0431818181818182 0.0506912442396313
"418" "chr16" 4000001 4100000 6109 0.0415335463258786 0.037202380952381
"427" "chr16" 4100001 4200000 6520 0.143243243243243 0.143958868894602
"482" "chr16" 4700001 4800000 6376 0.0528925619834711 0.0542372881355932
"492" "chr16" 4800001 4900000 11665 0.0910518053375196 0.0972644376899696
"506" "chr16" 4900001 5000000 7473 0.105263157894737 0.102564102564103
"5110" "chr16" 5000001 5100000 10840 0.0393013100436681 0.0442857142857143
"527" "chr16" 5100001 5200000 12152 0.0905292479108635 0.0862533692722372
"536" "chr16" 5200001 5300000 7111 0.0438709677419355 0.0404040404040404
"548" "chr16" 5300001 5400000 9353 0.0361635220125786 0.0395569620253165
"559" "chr16" 5400001 5500000 4698 0.065625 0.0714285714285714
"567" "chr16" 5500001 5600000 9126 0.015 0.0154373927958834
"586" "chr16" 5700001 5800000 6496 0.0770491803278689 0.078125
"599" "chr16" 5800001 5900000 5482 0.0373514431239389 0.0446096654275093
"619" "chr16" 6000001 6100000 14218 0.075 0.0753138075313807
"649" "chr16" 6300001 6400000 9514 0.092948717948718 0.0956521739130435
"659" "chr16" 6400001 6500000 5473 0.205882352941176 0.192307692307692
"669" "chr16" 6500001 6600000 5960 0.161172161172161 0.151006711409396
"679" "chr16" 6600001 6700000 6838 0.0482269503546099 0.0453938584779706
"6810" "chr16" 6700001 6800000 13827 0.0684326710816777 0.080091533180778
"728" "chr16" 7100001 7200000 5862 0.0616621983914209 0.0616797900262467
"738" "chr16" 7200001 7300000 6133 0.071753986332574 0.065775950668037
"764" "chr16" 7500001 7600000 10868 0.0326370757180157 0.0333333333333333
"796" "chr16" 7800001 7900000 4761 0.0364298724954463 0.0378006872852234
"806" "chr16" 7900001 8000000 8805 0.0497427101200686 0.0520325203252033
"826" "chr16" 8100001 8200000 7084 0.0496224379719525 0.0489583333333333
"835" "chr16" 8200001 8300000 8623 0.0787992495309568 0.0784313725490196
"847" "chr16" 8300001 8400000 9354 0.0606508875739645 0.0556291390728477
"856" "chr16" 8400001 8500000 7161 0.11284046692607 0.101476014760148
"876" "chr16" 8600001 8700000 12138 0.0816326530612245 0.0753768844221105
"888" "chr16" 8700001 8800000 15702 0.127058823529412 0.122494432071269
"895" "chr16" 8800001 8900000 11230 0.0398671096345515 0.037914691943128
"908" "chr16" 8900001 9000000 6739 0.0510855683269476 0.0511904761904762
"9110" "chr16" 9000001 9100000 9123 0.029585798816568 0.0323974082073434
"955" "chr16" 9400001 9500000 9058 0.0738060781476122 0.0752840909090909
"965" "chr16" 9500001 9600000 6790 0.0517063081695967 0.0356020942408377
"998" "chr16" 9800001 9900000 9066 0.37620578778135 0.337912087912088
"1213" "chr16" 12000001 12100000 7576 0.191933240611961 0.136490250696379
"1222" "chr16" 12100001 12200000 9472 0.0613154960981048 0.0611353711790393
"1232" "chr16" 12200001 12300000 7495 0.129659643435981 0.1328125
"1242" "chr16" 12300001 12400000 9667 0.0912698412698413 0.0880733944954128
"1252" "chr16" 12400001 12500000 5290 0.102918586789555 0.11611030478955
"1271" "chr16" 12600001 12700000 6304 0.218390804597701 0.204301075268817
"620" "chr17" 500001 600000 4051 0.103092783505155 0.107344632768362
"1113" "chr17" 1000001 1100000 11104 0.0836363636363636 0.0824372759856631
"1214" "chr17" 1100001 1200000 6936 0.0251107828655835 0.0231923601637108
"178" "chr17" 1600001 1700000 7519 0.0710526315789474 0.065989847715736
"188" "chr17" 1700001 1800000 6501 0.0475482912332838 0.0442600276625173
"198" "chr17" 1800001 1900000 4861 0.0646551724137931 0.0690140845070423
"206" "chr17" 1900001 2000000 6218 0.0409181636726547 0.04296875
"214" "chr17" 2000001 2100000 4701 0.04875 0.0549450549450549
"257" "chr17" 2400001 2500000 4798 0.078740157480315 0.0835866261398176
"285" "chr17" 2700001 2800000 11395 0.0351758793969849 0.038655462184874
"295" "chr17" 2800001 2900000 19215 0.04 0.0403800475059382
"304" "chr17" 2900001 3000000 7925 0.0305250305250305 0.0304136253041363
"329" "chr17" 3100001 3200000 6293 0.135493372606775 0.144578313253012
"3310" "chr17" 3200001 3300000 4959 0.333962264150943 0.262872628726287
"347" "chr17" 3300001 3400000 10837 0.314928425357873 0.297520661157025
"358" "chr17" 3400001 3500000 5004 0.0288461538461538 0.0271398747390397
"368" "chr17" 3500001 3600000 4753 0.0468431771894094 0.0469387755102041
"3710" "chr17" 3600001 3700000 7833 0.046070460704607 0.0428954423592493
"389" "chr17" 3700001 3800000 8398 0.0199203187250996 0.0183299389002037
"395" "chr17" 3800001 3900000 5679 0.0659670164917541 0.0683139534883721
"428" "chr17" 4100001 4200000 8839 0.0704041720990874 0.0786974219810041
"435" "chr17" 4200001 4300000 10212 0.101796407185629 0.106060606060606
"446" "chr17" 4300001 4400000 9054 0.0225464190981432 0.0200267022696929
"457" "chr17" 4400001 4500000 6332 0.0287162162162162 0.0271565495207668
"537" "chr17" 5200001 5300000 5997 0.0644567219152855 0.0667752442996743
"549" "chr17" 5300001 5400000 8356 0.0509666080843585 0.0467128027681661
"5510" "chr17" 5400001 5500000 11612 0.258227848101266 0.256345177664975
"568" "chr17" 5500001 5600000 8436 0.153153153153153 0.148148148148148
"638" "chr17" 6200001 6300000 4116 0.046218487394958 0.0517241379310345
"6510" "chr17" 6400001 6500000 5617 0.0529801324503311 0.0523255813953488
"705" "chr17" 6900001 7000000 11441 0.043010752688172 0.0320987654320988
"7110" "chr17" 7000001 7100000 9088 0.0909090909090909 0.0894308943089431
"925" "chr17" 9100001 9200000 6035 0.0278706800445931 0.0233644859813084
"956" "chr17" 9400001 9500000 4410 0.037125748502994 0.0496124031007752
"966" "chr17" 9500001 9600000 8360 0.0443864229765013 0.0395869191049914
"974" "chr17" 9600001 9700000 3984 0.0546218487394958 0.0506024096385542
"1008" "chr17" 9900001 10000000 8611 0.0541103017689906 0.0598958333333333
"1018" "chr17" 10000001 10100000 9896 0.0541353383458647 0.0572519083969466
"1055" "chr17" 10400001 10500000 6872 0.0441860465116279 0.0412044374009509
"1074" "chr17" 10600001 10700000 4080 0.246612466124661 0.206896551724138
"1084" "chr17" 10700001 10800000 9068 0.123222748815166 0.125570776255708
"1133" "chr17" 11200001 11300000 8390 0.149789029535865 0.171052631578947
"1146" "chr17" 11300001 11400000 4717 0.0742942050520059 0.0628834355828221
"1152" "chr17" 11400001 11500000 4733 0.0336787564766839 0.0318877551020408
"1191" "chr17" 11800001 11900000 6147 0.20703125 0.172535211267606
"210" "chr18" 100001 200000 5911 0.297169811320755 0.25987525987526
"310" "chr18" 200001 300000 4147 0.058165548098434 0.0641592920353982
"817" "chr18" 700001 800000 4046 0.0201005025125628 0.0198135198135198
"926" "chr18" 800001 900000 9405 0.0377867746288799 0.0395634379263301
"148" "chr18" 1300001 1400000 6773 0.0496575342465753 0.0435510887772194
"156" "chr18" 1400001 1500000 4738 0.0325644504748982 0.0452488687782805
"167" "chr18" 1500001 1600000 8433 0.0719257540603248 0.0715935334872979
"179" "chr18" 1600001 1700000 9703 0.0647619047619048 0.0726141078838174
"189" "chr18" 1700001 1800000 12002 0.0727848101265823 0.0737833594976452
"199" "chr18" 1800001 1900000 6791 0.0522292993630573 0.053416149068323
"207" "chr18" 1900001 2000000 14377 0.0268156424581006 0.024364406779661
"215" "chr18" 2000001 2100000 14056 0.0499168053244592 0.0497667185069985
"225" "chr18" 2100001 2200000 8370 0.0655737704918033 0.0786240786240786
"233" "chr18" 2200001 2300000 6855 0.0412844036697248 0.0459518599562363
"243" "chr18" 2300001 2400000 5616 0.0972568578553616 0.104166666666667
"359" "chr18" 3400001 3500000 6603 0.0645604395604396 0.0697368421052632
"369" "chr18" 3500001 3600000 5087 0.0571030640668524 0.0484522207267833
"3810" "chr18" 3700001 3800000 10113 0.2 0.166666666666667
"408" "chr18" 3900001 4000000 9177 0.0823529411764706 0.0795631825273011
"419" "chr18" 4000001 4100000 14041 0.0490998363338789 0.0427892234548336
"472" "chr18" 4600001 4700000 14300 0.081377151799687 0.071097372488408
"483" "chr18" 4700001 4800000 4324 0.139904610492846 0.14367816091954
"493" "chr18" 4800001 4900000 4438 0.0694444444444444 0.0721868365180467
"507" "chr18" 4900001 5000000 7531 0.109051254089422 0.114164904862579
"5111" "chr18" 5000001 5100000 7808 0.0801963993453355 0.0708782742681048
"528" "chr18" 5100001 5200000 8577 0.0430555555555556 0.047680412371134
"5410" "chr18" 5300001 5400000 7352 0.0728571428571429 0.0836601307189543
"5511" "chr18" 5400001 5500000 5413 0.0317700453857791 0.025260029717682
"569" "chr18" 5500001 5600000 13199 0.109243697478992 0.106583072100313
"576" "chr18" 5600001 5700000 9247 0.0567375886524823 0.0653409090909091
"587" "chr18" 5700001 5800000 7839 0.0849478390461997 0.0729312762973352
"5910" "chr18" 5800001 5900000 14987 0.0487238979118329 0.0497787610619469
"607" "chr18" 5900001 6000000 7088 0.115330520393812 0.115862068965517
"6210" "chr18" 6100001 6200000 14078 0.0258175559380379 0.0231839258114374
"639" "chr18" 6200001 6300000 4527 0.0358467243510507 0.0410132689987937
"818" "chr18" 8000001 8100000 4824 0.0105386416861827 0.00735294117647059
"827" "chr18" 8100001 8200000 13030 0.0384087791495199 0.0378890392422192
"836" "chr18" 8200001 8300000 5281 0.129890453834116 0.122754491017964
"848" "chr18" 8300001 8400000 11109 0.049738219895288 0.0515723270440252
"857" "chr18" 8400001 8500000 9592 0.17921146953405 0.161184210526316
"896" "chr18" 8800001 8900000 4831 0.0822102425876011 0.0851612903225806
"9111" "chr18" 9000001 9100000 8065 0.202080237741456 0.208823529411765
"927" "chr18" 9100001 9200000 11327 0.0625 0.0628683693516699
"957" "chr18" 9400001 9500000 11024 0.0544280442804428 0.0571687840290381
"967" "chr18" 9500001 9600000 7796 0.0325732899022801 0.0353302611367127
"975" "chr18" 9600001 9700000 8120 0.0430379746835443 0.0484522207267833
"989" "chr18" 9700001 9800000 11800 0.0721500721500721 0.0723981900452489
"999" "chr18" 9800001 9900000 10405 0.16796875 0.171936758893281
"1009" "chr18" 9900001 10000000 5741 0.257142857142857 0.252272727272727
"1019" "chr18" 10000001 10100000 4641 0.625531914893617 0.604166666666667
"1020" "chr19" 900001 1000000 9224 0.0557553956834532 0.0578231292517007
"1114" "chr19" 1000001 1100000 4585 0.0594202898550725 0.0585714285714286
"137" "chr19" 1200001 1300000 8326 0.101468624833111 0.103620474406991
"1410" "chr19" 1300001 1400000 13350 0.0561797752808989 0.0598911070780399
"157" "chr19" 1400001 1500000 5705 0.226506024096386 0.240932642487047
"216" "chr19" 2000001 2100000 10304 0.144736842105263 0.128676470588235
"226" "chr19" 2100001 2200000 5974 0.035264483627204 0.0277777777777778
"234" "chr19" 2200001 2300000 4728 0.0867678958785249 0.0769230769230769
"277" "chr19" 2600001 2700000 4930 0.0918918918918919 0.0829103214890017
"286" "chr19" 2700001 2800000 7038 0.0837887067395264 0.0867256637168142
"296" "chr19" 2800001 2900000 10853 0.0394021739130435 0.0400516795865633
"305" "chr19" 2900001 3000000 6093 0.0552995391705069 0.054014598540146
"316" "chr19" 3000001 3100000 7364 0.0407098121085595 0.036144578313253
"3210" "chr19" 3100001 3200000 12140 0.0797448165869218 0.0811965811965812
"3811" "chr19" 3700001 3800000 5852 0.319201995012469 0.305882352941176
"819" "chr19" 8000001 8100000 4365 0.0508021390374331 0.0487804878048781
"897" "chr19" 8800001 8900000 8071 0.243333333333333 0.253333333333333
"909" "chr19" 8900001 9000000 6540 0.141176470588235 0.130681818181818
"958" "chr19" 9400001 9500000 14405 0.0221843003412969 0.0215946843853821
"968" "chr19" 9500001 9600000 9079 0.027972027972028 0.0346534653465346
"976" "chr19" 9600001 9700000 5673 0.131645569620253 0.129268292682927
"9810" "chr19" 9700001 9800000 9803 0.015025041736227 0.0159744408945687
"9910" "chr19" 9800001 9900000 6934 0.02088772845953 0.0177664974619289
"10110" "chr19" 10000001 10100000 5957 0.0333333333333333 0.0391644908616188
"1028" "chr19" 10100001 10200000 7251 0.0619977037887486 0.0581778265642151
"1056" "chr19" 10400001 10500000 12248 0.0570291777188329 0.0571776155717762
"1065" "chr19" 10500001 10600000 9942 0.113553113553114 0.104810996563574
"1085" "chr19" 10700001 10800000 5872 0.043859649122807 0.04047976011994
"1115" "chr19" 11000001 11100000 11751 0.029126213592233 0.0358239508700102
"1202" "chr19" 11900001 12000000 6410 0.0677290836653386 0.074025974025974
"1253" "chr19" 12400001 12500000 5891 0.0540788267644363 0.0598911070780399
"1262" "chr19" 12500001 12600000 7207 0.0249252243270189 0.0221366698748797
"1272" "chr19" 12600001 12700000 9723 0.0657407407407407 0.0660633484162896
"1283" "chr19" 12700001 12800000 11198 0.13953488372093 0.148148148148148
"1292" "chr19" 12800001 12900000 13978 0.0881670533642691 0.103734439834025
"130" "chr19" 12900001 13000000 4193 0.0901639344262295 0.0888888888888889
"138" "chr20" 1 100000 5226 0.0977653631284916 0.11436170212766
"317" "chr20" 200001 300000 7867 0.0533333333333333 0.0543478260869565
"410" "chr20" 300001 400000 6078 0.0434782608695652 0.0424528301886792
"720" "chr20" 600001 700000 5717 0.0416107382550336 0.0443599493029151
"820" "chr20" 700001 800000 6070 0.0558375634517767 0.0556900726392252
"928" "chr20" 800001 900000 4894 0.0730593607305936 0.0738362760834671
"158" "chr20" 1400001 1500000 5928 0.0122591943957968 0.0139372822299652
"1810" "chr20" 1700001 1800000 3995 0.014760147601476 0.0190839694656489
"208" "chr20" 1900001 2000000 7668 0.0467153284671533 0.0444126074498567
"227" "chr20" 2100001 2200000 4601 0.0416666666666667 0.0314685314685315
"244" "chr20" 2300001 2400000 8297 0.0771084337349398 0.0783353733170135
"265" "chr20" 2500001 2600000 5574 0.0347826086956522 0.0323660714285714
"278" "chr20" 2600001 2700000 9869 0.0327272727272727 0.033373063170441
"287" "chr20" 2700001 2800000 8057 0.0339750849377123 0.0320796460176991
"297" "chr20" 2800001 2900000 4376 0.0384615384615385 0.0466321243523316
"318" "chr20" 3000001 3100000 7096 0.0634920634920635 0.0659203980099503
"3211" "chr20" 3100001 3200000 7794 0.0648148148148148 0.0591327201051248
"3311" "chr20" 3200001 3300000 8936 0.0511627906976744 0.0523255813953488
"348" "chr20" 3300001 3400000 12283 0.1225 0.142857142857143
"396" "chr20" 3800001 3900000 13338 0.0684596577017115 0.061503416856492
"4110" "chr20" 4000001 4100000 4654 0.246153846153846 0.242339832869081
"465" "chr20" 4500001 4600000 11938 0.046831955922865 0.0423280423280423
"529" "chr20" 5100001 5200000 5953 0.042830540037244 0.0432525951557093
"538" "chr20" 5200001 5300000 5551 0.0953488372093023 0.0936073059360731
"5411" "chr20" 5300001 5400000 7328 0.0505920344456405 0.0546218487394958
"5512" "chr20" 5400001 5500000 9232 0.0502392344497608 0.0461031833150384
"889" "chr20" 8700001 8800000 6045 0.037953795379538 0.0350877192982456
"898" "chr20" 8800001 8900000 6920 0.0738341968911917 0.0877659574468085
"9112" "chr20" 9000001 9100000 6307 0.470588235294118 0.439490445859873
"929" "chr20" 9100001 9200000 5201 0.04 0.0413223140495868
"969" "chr20" 9500001 9600000 3858 0.0665634674922601 0.060702875399361
"977" "chr20" 9600001 9700000 10143 0.052790346907994 0.0497803806734993
"9811" "chr20" 9700001 9800000 7202 0.0642201834862385 0.0670241286863271
"9911" "chr20" 9800001 9900000 7187 0.0957446808510638 0.0925666199158485
"10010" "chr20" 9900001 10000000 5162 0.0343642611683849 0.032258064516129
"10111" "chr20" 10000001 10100000 5586 0.0813333333333333 0.0886766712141883
"1029" "chr20" 10100001 10200000 4179 0.0268817204301075 0.0328767123287671
"1043" "chr20" 10300001 10400000 9236 0.298319327731092 0.317796610169492
"319" "chr22" 200001 300000 4757 0.0973936899862826 0.100137174211248
"520" "chr22" 400001 500000 5434 0.0648535564853556 0.0673181324647123
"1215" "chr22" 1100001 1200000 7129 0.191827468785471 0.186550976138829
"1411" "chr22" 1300001 1400000 5294 0.0319148936170213 0.0336734693877551
"159" "chr22" 1400001 1500000 7349 0.0705202312138728 0.0832356389214537
"168" "chr22" 1500001 1600000 7412 0.193675889328063 0.21063829787234
"228" "chr22" 2100001 2200000 5479 0.0606531881804044 0.0793103448275862
"349" "chr22" 3300001 3400000 7066 0.0285087719298246 0.0329896907216495
"3610" "chr22" 3500001 3600000 8653 0.191977077363897 0.180836707152497
"3812" "chr22" 3700001 3800000 4677 0.0671428571428571 0.041343669250646
"429" "chr22" 4100001 4200000 6737 0.249249249249249 0.201058201058201
"484" "chr22" 4700001 4800000 7907 0.0177514792899408 0.0190114068441065
"5210" "chr22" 5100001 5200000 6041 0.0423011844331641 0.046551724137931
"6110" "chr22" 6000001 6100000 4649 0.0231155778894472 0.0265225933202358
"6211" "chr22" 6100001 6200000 4944 0.0238636363636364 0.0306469920544835
"6410" "chr22" 6300001 6400000 5186 0.0426179604261796 0.0352564102564103
"6511" "chr22" 6400001 6500000 7223 0.120186697782964 0.127485380116959
"6710" "chr22" 6600001 6700000 6579 0.0667330677290837 0.0670443814919736
"729" "chr22" 7100001 7200000 5878 0.0928319623971798 0.0939977349943375
"784" "chr22" 7700001 7800000 6832 0.0570093457943925 0.0600571973307912
"797" "chr22" 7800001 7900000 7157 0.0514883346741754 0.0504065040650407
"807" "chr22" 7900001 8000000 5565 0.0955259975816203 0.0826727066817667
"8110" "chr22" 8000001 8100000 6837 0.16945107398568 0.163019693654267
"217" "chr23" 100001 200000 4004 0.134556574923547 0.146103896103896
"420" "chr23" 300001 400000 7075 0.10314465408805 0.102352941176471
"530" "chr23" 400001 500000 7572 0.0606451612903226 0.0593325092707046
"630" "chr23" 500001 600000 4422 0.0840840840840841 0.0862385321100917
"730" "chr23" 600001 700000 10069 0.0706679574056147 0.0692599620493359
"1116" "chr23" 1000001 1100000 6028 0.0935672514619883 0.0865671641791045
"1610" "chr23" 1500001 1600000 3577 0.0578947368421053 0.0464071856287425
"1710" "chr23" 1600001 1700000 4859 0.0855555555555556 0.077502691065662
"1811" "chr23" 1700001 1800000 7248 0.0568421052631579 0.0582822085889571
"1910" "chr23" 1800001 1900000 6458 0.0180995475113122 0.018034265103697
"209" "chr23" 1900001 2000000 6745 0.0595130748422002 0.0541027953110911
"218" "chr23" 2000001 2100000 4407 0.0291508238276299 0.0237324703344121
"229" "chr23" 2100001 2200000 4910 0.0717781402936379 0.0698412698412698
"235" "chr23" 2200001 2300000 5033 0.0651162790697674 0.0793157076205288
"245" "chr23" 2300001 2400000 5185 0.0126728110599078 0.0115740740740741
"258" "chr23" 2400001 2500000 7008 0.0422245108135942 0.0382728164867517
"279" "chr23" 2600001 2700000 5619 0.0269541778975741 0.0236363636363636
"298" "chr23" 2800001 2900000 4836 0.0585635359116022 0.0546511627906977
"3312" "chr23" 3200001 3300000 9013 0.045822102425876 0.0525606469002695
"3813" "chr23" 3700001 3800000 5269 0.0380434782608696 0.0409511228533686
"5211" "chr23" 5100001 5200000 6055 0.190647482014388 0.197718631178707
"539" "chr23" 5200001 5300000 4117 0.039906103286385 0.0541871921182266
"5412" "chr23" 5300001 5400000 5753 0.0597014925373134 0.05625
"577" "chr23" 5600001 5700000 5662 0.0414993306559572 0.0458015267175573
"588" "chr23" 5700001 5800000 5796 0.0611814345991561 0.058455114822547
"5911" "chr23" 5800001 5900000 6427 0.053481331987891 0.0541624874623872
"6111" "chr23" 6000001 6100000 5363 0.0138888888888889 0.0115273775216138
"6212" "chr23" 6100001 6200000 5323 0.0478214665249734 0.0481927710843373
"6811" "chr23" 6700001 6800000 7718 0.0511182108626198 0.0487012987012987
"858" "chr23" 8400001 8500000 4200 0.0465587044534413 0.0450623202301055
"865" "chr23" 8500001 8600000 9867 0.129237288135593 0.138528138528139
"739" "chr24" 600001 700000 5257 2.5 1.25
"1030" "chr24" 900001 1000000 17796 0.0199386503067485 0.0196374622356495
"1216" "chr24" 1100001 1200000 6225 0.0213032581453634 0.0248041775456919
"1911" "chr24" 1800001 1900000 15314 0.0976 0.096969696969697
"219" "chr24" 2000001 2100000 9196 0.0529344073647871 0.0472895040369089
"246" "chr24" 2300001 2400000 5139 0.0140625 0.0178571428571429
"259" "chr24" 2400001 2500000 5514 0.0271816881258941 0.0265878877400295
"266" "chr24" 2500001 2600000 10002 0.0516351118760757 0.053156146179402
"2710" "chr24" 2600001 2700000 4818 0.0295774647887324 0.0292072322670375
"3212" "chr24" 3100001 3200000 14582 0.093812375249501 0.0949367088607595
"3313" "chr24" 3200001 3300000 11325 0.0687732342007435 0.0676416819012797
"3410" "chr24" 3300001 3400000 8540 0.126760563380282 0.122840690978887
"3611" "chr24" 3500001 3600000 7205 0.0260475651189128 0.0302690582959641
"409" "chr24" 3900001 4000000 6096 0.0602189781021898 0.0607210626185958
"4210" "chr24" 4100001 4200000 5677 0.0592034445640474 0.0652849740932643
"447" "chr24" 4300001 4400000 8184 0.0355329949238579 0.0364321608040201
"5112" "chr24" 5000001 5100000 7695 0.0815602836879433 0.0915750915750916
"578" "chr24" 5600001 5700000 5182 0.0611464968152866 0.0655957161981258
"589" "chr24" 5700001 5800000 3530 0.109048723897912 0.108747044917258
"608" "chr24" 5900001 6000000 5155 0.063273727647868 0.0695876288659794
"6112" "chr24" 6000001 6100000 6408 0.0525657071339174 0.0518867924528302
"6411" "chr24" 6300001 6400000 3897 0.0307692307692308 0.0299479166666667
"6610" "chr24" 6500001 6600000 7783 0.124489795918367 0.137096774193548
"6711" "chr24" 6600001 6700000 5991 0.114197530864198 0.108231707317073
"6812" "chr24" 6700001 6800000 8102 0.0676855895196506 0.0614124872057318
"7111" "chr24" 7000001 7100000 5376 0.0182094081942337 0.0172413793103448
"808" "chr24" 7900001 8000000 11594 0.745901639344262 0.706666666666667
"320" "chr25" 200001 300000 4187 0.374193548387097 0.288888888888889
"828" "chr25" 700001 800000 3845 0.203389830508475 0.267379679144385
"2010" "chr25" 1900001 2000000 6660 0.0620957309184994 0.05859375
"2110" "chr25" 2000001 2100000 5622 0.111358574610245 0.108695652173913
"2210" "chr25" 2100001 2200000 5265 0.0880452342487884 0.0804195804195804
"247" "chr25" 2300001 2400000 7072 0.0729461756373938 0.0620915032679739
"2510" "chr25" 2400001 2500000 5842 0.0729166666666667 0.0482076637824475
"3213" "chr25" 3100001 3200000 17932 0.0414814814814815 0.0419075144508671
"3411" "chr25" 3300001 3400000 10177 0.056043956043956 0.053248136315229
"3612" "chr25" 3500001 3600000 5024 0.0473988439306358 0.0481099656357388
"458" "chr25" 4400001 4500000 5786 0.0172215843857635 0.0192307692307692
"473" "chr25" 4600001 4700000 5656 0.0417090539165819 0.0385756676557863
"494" "chr25" 4800001 4900000 5716 0.022271714922049 0.0316742081447964
"508" "chr25" 4900001 5000000 4197 0.0496815286624204 0.0509950248756219
"5212" "chr25" 5100001 5200000 5612 0.0377906976744186 0.0388888888888889
"5310" "chr25" 5200001 5300000 11249 0.0865561694290976 0.0794824399260628
"5513" "chr25" 5400001 5500000 7044 0.108651911468813 0.0978043912175649
"5610" "chr25" 5500001 5600000 8036 0.0184049079754601 0.0205278592375367
"579" "chr25" 5600001 5700000 5466 0.0321243523316062 0.0284263959390863
"5810" "chr25" 5700001 5800000 6123 0.0571428571428571 0.0613718411552347
"5912" "chr25" 5800001 5900000 9957 0.0515463917525773 0.0475161987041037
"609" "chr25" 5900001 6000000 6103 0.0347624565469293 0.0318906605922551
"6412" "chr25" 6300001 6400000 7329 0.0628066732090285 0.064015518913676
"6712" "chr25" 6600001 6700000 5885 0.0375 0.0365853658536585
"7310" "chr25" 7200001 7300000 11856 0.0460021905805038 0.0434782608695652
"749" "chr25" 7300001 7400000 6113 0.147169811320755 0.143375680580762
"756" "chr25" 7400001 7500000 6484 0.036986301369863 0.0414438502673797
"765" "chr25" 7500001 7600000 6571 0.0803011292346299 0.0786516853932584
"785" "chr25" 7700001 7800000 6723 0.0552952202436739 0.0531531531531532
"809" "chr25" 7900001 8000000 9225 0.0379609544468547 0.035031847133758
"829" "chr25" 8100001 8200000 6864 0.0951940850277264 0.0892857142857143
"837" "chr25" 8200001 8300000 8046 0.0948616600790514 0.0892193308550186
"849" "chr25" 8300001 8400000 7850 0.037344398340249 0.0352177942539388
"859" "chr25" 8400001 8500000 4570 0.0335305719921105 0.0343137254901961
"866" "chr25" 8500001 8600000 6178 0.0528571428571429 0.0584958217270195
"877" "chr25" 8600001 8700000 6467 0.0886627906976744 0.0788043478260869
"8810" "chr25" 8700001 8800000 9210 0.155405405405405 0.162337662337662
"220" "chr26" 100001 200000 9664 0.12719298245614 0.122406639004149
"330" "chr26" 200001 300000 5461 0.114355231143552 0.117241379310345
"640" "chr26" 500001 600000 3954 0.0429530201342282 0.0423940149625935
"830" "chr26" 700001 800000 11128 0.0829015544041451 0.0815307820299501
"930" "chr26" 800001 900000 4834 0.0165061898211829 0.0179063360881543
"1117" "chr26" 1000001 1100000 7080 0.0721649484536082 0.0486111111111111
"1712" "chr26" 1600001 1700000 7484 0.0909090909090909 0.10025706940874
"1812" "chr26" 1700001 1800000 13259 0.0805084745762712 0.0879432624113475
"248" "chr26" 2300001 2400000 8309 0.0735468564650059 0.0747330960854092
"2511" "chr26" 2400001 2500000 9547 0.0272614622057001 0.0286396181384248
"267" "chr26" 2500001 2600000 4879 0.0488636363636364 0.0441334768568353
"798" "chr26" 7800001 7900000 6032 0.0451127819548872 0.0412621359223301
"8111" "chr26" 8000001 8100000 6013 0.0631578947368421 0.0671140939597315
"8811" "chr26" 8700001 8800000 6867 0.223684210526316 0.220623501199041
"899" "chr26" 8800001 8900000 7479 0.0217889908256881 0.0224719101123596
"9010" "chr26" 8900001 9000000 6472 0.0755395683453237 0.0780711825487945
"9113" "chr26" 9000001 9100000 13670 0.226720647773279 0.233463035019455
"959" "chr26" 9400001 9500000 4276 0.0425806451612903 0.0429447852760736
"9610" "chr26" 9500001 9600000 6361 0.0779510022271715 0.08004158004158
"978" "chr26" 9600001 9700000 4924 0.032520325203252 0.0361197110423117
"9812" "chr26" 9700001 9800000 4992 0.0360262008733624 0.0362903225806452
"9912" "chr26" 9800001 9900000 6088 0.0329087048832272 0.0336300692383778
"10011" "chr26" 9900001 10000000 5454 0.0192837465564738 0.0175913396481732
"10210" "chr26" 10100001 10200000 6007 0.0393313667649951 0.0444225074037512
"1038" "chr26" 10200001 10300000 7632 0.0678617157490397 0.0614035087719298
"1075" "chr26" 10600001 10700000 5949 0.0414129110840438 0.0408415841584158
"1203" "chr26" 11900001 12000000 6357 0.0204708290685773 0.019
"1263" "chr26" 12500001 12600000 9187 0.0752864157119476 0.0796178343949045
"1273" "chr26" 12600001 12700000 6748 0.0340599455040872 0.0337837837837838
"139" "chr27" 1 100000 5584 0.25 1
"650" "chr27" 500001 600000 8969 0.0749063670411985 0.0713436385255648
"1310" "chr27" 1200001 1300000 9554 0.0739762219286658 0.0693196405648267
"1412" "chr27" 1300001 1400000 8437 0.0875486381322957 0.0680628272251309
"1611" "chr27" 1500001 1600000 5395 0.0324427480916031 0.0416666666666667
"1713" "chr27" 1600001 1700000 5322 0.217333333333333 0.240215924426451
"1813" "chr27" 1700001 1800000 5749 0.0141271442986882 0.0145379023883697
"1912" "chr27" 1800001 1900000 10368 0.0956937799043062 0.0949367088607595
"466" "chr27" 4500001 4600000 7750 0.0910151691948658 0.0759837177747626
"474" "chr27" 4600001 4700000 11582 0.0525272547076313 0.0512333965844402
"485" "chr27" 4700001 4800000 5606 0.0668647845468053 0.0687134502923977
"5611" "chr27" 5500001 5600000 5857 0.106122448979592 0.112617309697602
"5710" "chr27" 5600001 5700000 6549 0.0596205962059621 0.0555058191584602
"5811" "chr27" 5700001 5800000 6782 0.0521390374331551 0.0586630286493861
"5913" "chr27" 5800001 5900000 10385 0.235294117647059 0.256666666666667
"6010" "chr27" 5900001 6000000 4997 0.105169340463458 0.112605042016807
"706" "chr27" 6900001 7000000 8715 0.0583468395461912 0.0552995391705069
"7112" "chr27" 7000001 7100000 8426 0.0596491228070175 0.0639032815198618
"7210" "chr27" 7100001 7200000 4546 0.0730964467005076 0.0659229208924949
"7311" "chr27" 7200001 7300000 5216 0.0505494505494506 0.0440713536201469
"757" "chr27" 7400001 7500000 5319 0.0309597523219814 0.0356020942408377
"766" "chr27" 7500001 7600000 7749 0.0347417840375587 0.0323741007194245
"8210" "chr27" 8100001 8200000 4724 0.2515625 0.238532110091743
"838" "chr27" 8200001 8300000 4502 0.0457280385078219 0.0355691056910569
"878" "chr27" 8600001 8700000 4306 0.0919377652050919 0.103448275862069
"340" "chr28" 200001 300000 6807 0.0776595744680851 0.0658800393313668
"430" "chr28" 300001 400000 9742 0.0925266903914591 0.093287827076223
"540" "chr28" 400001 500000 6437 0.0421412300683371 0.0452586206896552
"660" "chr28" 500001 600000 5271 0.127868852459016 0.130533484676504
"740" "chr28" 600001 700000 4558 0.0454545454545455 0.0375626043405676
"1039" "chr28" 900001 1000000 7952 0.165275459098498 0.154446177847114
"1118" "chr28" 1000001 1100000 8462 0.112171837708831 0.111617312072893
"1217" "chr28" 1100001 1200000 7174 0.174468085106383 0.182890855457227
"1311" "chr28" 1200001 1300000 6436 0.114736842105263 0.120309050772627
"1612" "chr28" 1500001 1600000 7391 0.0280172413793103 0.0289079229122056
"1814" "chr28" 1700001 1800000 4615 0.0549597855227882 0.0537383177570093
"2011" "chr28" 1900001 2000000 6380 0.0467091295116773 0.0446521287642783
"236" "chr28" 2200001 2300000 6889 0.0549682875264271 0.0526881720430108
"2512" "chr28" 2400001 2500000 4886 0.0481622306717364 0.049338146811071
"299" "chr28" 2800001 2900000 6115 0.103053435114504 0.108641975308642
"306" "chr28" 2900001 3000000 8276 0.0526905829596413 0.0556818181818182
"3110" "chr28" 3000001 3100000 6547 0.0297029702970297 0.0348432055749129
"3214" "chr28" 3100001 3200000 6714 0.0676056338028169 0.0744274809160305
"3314" "chr28" 3200001 3300000 4935 0.17037037037037 0.180838323353293
"3412" "chr28" 3300001 3400000 5551 0.0358974358974359 0.037037037037037
"3510" "chr28" 3400001 3500000 9328 0.0285171102661597 0.0284926470588235
"3613" "chr28" 3500001 3600000 8246 0.0475624256837099 0.0465657741559953
"5413" "chr28" 5300001 5400000 4925 0.0420918367346939 0.0379901960784314
"5514" "chr28" 5400001 5500000 14310 0.273333333333333 0.217948717948718
"5612" "chr28" 5500001 5600000 7856 0.242784380305603 0.217247097844113
"5812" "chr28" 5700001 5800000 7707 0.03743961352657 0.0412249705535925
"6113" "chr28" 6000001 6100000 10074 0.0895008605851979 0.078740157480315
"6213" "chr28" 6100001 6200000 9549 0.129337539432177 0.13075780089153
"230" "chr29" 100001 200000 5349 0.259615384615385 0.26036866359447
"350" "chr29" 200001 300000 5829 0.0686406460296097 0.07095046854083
"436" "chr29" 300001 400000 7426 0.0890243902439024 0.091118800461361
"550" "chr29" 400001 500000 5689 0.0399484536082474 0.0353982300884956
"670" "chr29" 500001 600000 6696 0.10935441370224 0.106117353308365
"750" "chr29" 600001 700000 7019 0.103694874851013 0.106487148102815
"839" "chr29" 700001 800000 11304 0.0338983050847458 0.0309072781655035
"938" "chr29" 800001 900000 4616 0.0802139037433155 0.085978835978836
"1040" "chr29" 900001 1000000 5126 0.0646258503401361 0.0619902120717781
"1119" "chr29" 1000001 1100000 7268 0.032258064516129 0.0290635091496233
"1413" "chr29" 1300001 1400000 7058 0.0563106796116505 0.0616822429906542
"1510" "chr29" 1400001 1500000 8109 0.0613266583229036 0.0664251207729469
"1714" "chr29" 1600001 1700000 7015 0.0870561282932417 0.0915104740904079
"1815" "chr29" 1700001 1800000 6174 0.128888888888889 0.118473895582329
"1913" "chr29" 1800001 1900000 6105 0.354166666666667 0.403669724770642
"2012" "chr29" 1900001 2000000 4495 0.0170731707317073 0.0168350168350168
"2111" "chr29" 2000001 2100000 4834 0.183206106870229 0.2
"2513" "chr29" 2400001 2500000 13023 0.666666666666667 0.5
"867" "chr29" 8500001 8600000 5779 0.0792227204783259 0.0862068965517241
"879" "chr29" 8600001 8700000 6934 0.0970873786407767 0.101694915254237
"8812" "chr29" 8700001 8800000 7712 0.108626198083067 0.118210862619808
"8910" "chr29" 8800001 8900000 10650 0.0609896432681243 0.060702875399361
"9011" "chr29" 8900001 9000000 15942 0.065410199556541 0.0599369085173502
"9114" "chr29" 9000001 9100000 18377 0.0489130434782609 0.04625
"9210" "chr29" 9100001 9200000 7987 0.0223266745005875 0.0253456221198157
"945" "chr29" 9300001 9400000 5254 0.0372208436724566 0.0395408163265306
"9510" "chr29" 9400001 9500000 6151 0.0261096605744125 0.023841059602649
"979" "chr29" 9600001 9700000 4334 0.0203592814371257 0.0248520710059172
"9913" "chr29" 9800001 9900000 7452 0.0593325092707046 0.0632603406326034
"10112" "chr29" 10000001 10100000 6547 0.202020202020202 0.211981566820276
"1044" "chr29" 10300001 10400000 11090 0.0645879732739421 0.0574468085106383
"237" "chr30" 100001 200000 7145 0.12638036809816 0.128174123337364
"360" "chr30" 200001 300000 8947 0.0299145299145299 0.0326659641728135
"560" "chr30" 400001 500000 7734 0.0212373037857802 0.0225428313796213
"939" "chr30" 800001 900000 5564 0.0625 0.0433497536945813
"1218" "chr30" 1100001 1200000 5713 0.10142954390742 0.0995405819295559
"1414" "chr30" 1300001 1400000 7723 0.12152034261242 0.0769230769230769
"1511" "chr30" 1400001 1500000 4905 0.0864978902953587 0.074788902291918
"1715" "chr30" 1600001 1700000 5464 0.0113350125944584 0.0257558790593505
"1914" "chr30" 1800001 1900000 7611 0.104700854700855 0.103969754253308
"2013" "chr30" 1900001 2000000 6917 0.125 0.121527777777778
"3614" "chr30" 3500001 3600000 5262 0.124472573839662 0.112526539278132
"3711" "chr30" 3600001 3700000 5597 0.0586734693877551 0.0559523809523809
"3814" "chr30" 3700001 3800000 5406 0.025 0.0246609124537608
"397" "chr30" 3800001 3900000 5553 0.0405092592592593 0.0424581005586592
"4211" "chr30" 4100001 4200000 6638 0.0512820512820513 0.05456570155902
"437" "chr30" 4200001 4300000 11209 0.168304668304668 0.167657550535077
"459" "chr30" 4400001 4500000 7234 0.0188053097345133 0.0188053097345133
"486" "chr30" 4700001 4800000 5853 0.0178571428571429 0.0197368421052632
"495" "chr30" 4800001 4900000 6502 0.0715811965811966 0.064321608040201
"509" "chr30" 4900001 5000000 9504 0.15177065767285 0.160130718954248
"5113" "chr30" 5000001 5100000 9232 0.0712530712530712 0.0799507995079951
"758" "chr31" 600001 700000 7520 0.0542168674698795 0.0597243491577335
"840" "chr31" 700001 800000 10100 0.1181592039801 0.105691056910569
"940" "chr31" 800001 900000 8726 0.112790697674419 0.0822072072072072
"1120" "chr31" 1000001 1100000 6649 0.138820638820639 0.161125319693095
"1219" "chr31" 1100001 1200000 6827 0.0526315789473684 0.0546541417591802
"1312" "chr31" 1200001 1300000 14509 0.102013422818792 0.106901217861976
"1512" "chr31" 1400001 1500000 8293 0.620915032679739 0.706766917293233
"1613" "chr31" 1500001 1600000 7565 0.0674394099051633 0.0724206349206349
"1716" "chr31" 1600001 1700000 6045 0.0857142857142857 0.0885357548240636
"1816" "chr31" 1700001 1800000 5019 0.135573580533024 0.130285714285714
"2112" "chr31" 2000001 2100000 7072 0.0505415162454874 0.049469964664311
"2211" "chr31" 2100001 2200000 12528 0.109375 0.113964686998395
"238" "chr31" 2200001 2300000 6602 0.115618661257607 0.12020202020202
"249" "chr31" 2300001 2400000 6595 0.0668257756563246 0.0640279394644936
"2514" "chr31" 2400001 2500000 10410 0.0899887514060742 0.0886486486486487
"268" "chr31" 2500001 2600000 8636 0.053481331987891 0.0543374642516683
"288" "chr31" 2700001 2800000 7330 0.120253164556962 0.114583333333333
"3111" "chr31" 3000001 3100000 6113 0.0932868352223191 0.0816125860373648
"3215" "chr31" 3100001 3200000 5698 0.172003659652333 0.124444444444444
"3315" "chr31" 3200001 3300000 7860 0.0624380574826561 0.070506454816286
"3615" "chr31" 3500001 3600000 9199 0.037593984962406 0.0390848427073403
"3712" "chr31" 3600001 3700000 8333 0.195177956371986 0.199110122358176
"3815" "chr31" 3700001 3800000 6163 0.0315985130111524 0.0259965337954939
"398" "chr31" 3800001 3900000 6263 0.0653409090909091 0.0675925925925926
"4010" "chr31" 3900001 4000000 7762 0.0517412935323383 0.0602294455066922
"4111" "chr31" 4000001 4100000 6461 0.0617715617715618 0.0652680652680653
"448" "chr31" 4300001 4400000 5532 0.670184696569921 0.659003831417625
